 
Frame	VaioStaticLatency	VaioPOETLatency	ODROIDStaticLatency	ODROIDPOETLatency	SmoothedODroidStatic	SmoothedODROIDPOET	   
0	0	0	0	0	0	0	   
1	1.011618	0.515785	1.004222	1.976329	0.995796	0.480689	   
2	1.021725	0.507518	0.977592	2.001819	1.022921	0.474568	   
3	1.027472	0.503812	0.995434	2.0008	1.004587	0.47481	   
4	1.028156	0.50343	0.968704	1.976512	1.032307	0.480645	   
5	1.029141	0.502545	0.962968	1.966996	1.038456	0.48297	   
6	1.028717	0.501646	0.966505	1.98329	1.034655	0.479002	   
7	1.02838	0.501438	0.966914	2.014857	1.034218	0.471497	   
8	1.026817	0.500597	0.967292	1.996629	1.033814	0.475802	   
9	1.02724	0.500265	0.945122	1.974012	1.058065	0.481253	   
10	1.026635	0.499482	0.952454	1.991626	1.04992	0.476997	   
11	1.026504	0.508772	0.956605	2.003331	1.045363	0.47421	   
12	1.027208	0.502811	0.968356	1.998034	1.032679	0.475467	   
13	1.026825	0.501437	0.970688	1.986485	1.030197	0.478232	   
14	1.026302	0.500722	0.974471	1.994165	1.026198	0.47639	   
15	1.026329	0.500283	0.978889	2.004049	1.021566	0.47404	   
16	1.026616	0.499851	0.981729	2.006559	1.018611	0.473447	   
17	1.026355	0.49947	0.980697	2.012419	1.019683	0.472069	   
18	1.025309	0.499109	0.986933	2.014268	1.01324	0.471635	   
19	1.023157	0.498663	0.989188	2.02014	1.010931	0.470265	   
20	1.020257	0.500801	0.99609	1.88286	1.003925	0.504552	   
21	1.017323	0.505034	1.000731	1.781394	0.99927	0.53329	   
22	1.014073	0.51139	1.006657	1.698032	0.993387	0.559471	   
23	1.010075	0.519807	1.012493	1.625001	0.987661	0.584615	   
24	1.008454	0.53023	1.022368	1.555668	0.978122	0.61067	   
25	1.006888	0.54279	1.021877	1.480762	0.978592	0.641562	   
26	1.004975	0.557643	1.017243	1.412253	0.983049	0.672684	   
27	1.003846	0.575042	1.023004	1.35224	0.977513	0.702538	   
28	1.00301	0.595195	1.019797	1.301118	0.980587	0.730142	   
29	1.000793	0.618407	1.040026	1.261835	0.961514	0.752872	   
30	0.999248	0.645198	1.036828	1.215606	0.964481	0.781503	   
31	0.997715	0.676267	1.04399	1.169226	0.957863	0.812503	   
32	0.99567	0.707106	1.038038	1.1285	0.963356	0.841825	   
33	0.994041	0.738176	1.042306	1.092746	0.959412	0.86937	   
34	0.992147	0.769282	1.042005	1.078749	0.959688	0.88065	   
35	0.989898	0.8005	1.045866	1.070004	0.956145	0.887847	   
36	0.988157	0.831823	1.050496	1.060299	0.951931	0.895974	   
37	0.985735	0.863153	1.051712	1.051009	0.950831	0.903893	   
38	0.98381	0.892823	1.043466	1.040794	0.958345	0.912765	   
39	0.983579	0.920314	1.046289	1.030006	0.955759	0.922325	   
40	0.984319	0.945547	1.046579	1.028929	0.955494	0.92329	   
41	0.986298	0.968445	1.045465	1.029032	0.956512	0.923197	   
42	0.986561	0.988684	1.041399	1.01606	0.960246	0.934984	   
43	0.987537	1.006136	1.031135	1.00896	0.969805	0.941563	   
44	0.987017	1.020816	1.025993	1.006875	0.974665	0.943513	   
45	0.986341	1.032641	1.018554	1.004197	0.981784	0.946029	   
46	0.986921	1.041662	1.026687	1.007371	0.974007	0.943049	   
47	0.986732	1.0478	1.017923	0.998163	0.982393	0.951748	   
48	0.986782	1.051203	1.023598	0.99635	0.976946	0.95348	   
49	0.987445	1.052067	1.010023	0.994296	0.990077	0.95545	   
50	0.987879	1.053006	1.012438	0.987484	0.987715	0.962041	   
51	0.988838	1.053928	1.009857	0.982513	0.990239	0.966908	   
52	0.988599	1.054787	0.996261	0.980913	1.003753	0.968485	   
53	0.988221	1.05552	0.979751	0.976507	1.020667	0.972855	   
54	0.988132	1.056314	0.978432	0.957134	1.022044	0.992547	   
55	0.988283	1.054753	0.959719	0.929703	1.041971	1.021832	   
56	0.986929	1.050219	0.94234	0.908674	1.061189	1.04548	   
57	0.986126	1.042703	0.934757	0.908081	1.069797	1.046162	   
58	0.986064	1.034847	0.938849	0.910535	1.065134	1.043342	   
59	0.986236	1.027112	0.936868	0.914943	1.067386	1.038316	   
60	0.985783	1.019358	0.939243	0.920446	1.064687	1.032109	   
61	0.985302	1.011479	0.93975	0.924012	1.064113	1.028125	   
62	0.98484	1.003307	0.938956	0.931434	1.065012	1.019933	   
63	0.982767	0.995063	0.943116	0.937624	1.060315	1.0132	   
64	0.979764	0.986599	0.946812	0.94106	1.056175	1.0095	   
65	0.977055	0.978021	0.962775	0.941179	1.038664	1.009372	   
66	0.974699	0.969329	0.962655	0.933744	1.038794	1.017409	   
67	0.973243	0.96257	0.970106	0.943521	1.030815	1.006867	   
68	0.972651	0.958284	0.969294	0.944774	1.031678	1.005532	   
69	0.972604	0.956528	0.978507	0.941822	1.021965	1.008683	   
70	0.973356	0.95489	0.974301	0.941213	1.026377	1.009336	   
71	0.976232	0.953407	0.977025	0.946194	1.023515	1.004022	   
72	0.977803	0.952133	0.990859	0.948557	1.009226	1.001521	   
73	0.980473	0.951219	1.002198	0.951535	0.997807	0.998387	   
74	0.982953	0.950545	1.005204	0.969591	0.994823	0.979794	   
75	0.984954	0.950127	1.01553	0.996785	0.984708	0.953064	   
76	0.987841	0.950155	1.034502	1.021975	0.966648	0.929573	   
77	0.991058	0.95055	1.043116	1.011915	0.958666	0.938814	   
78	0.994385	0.951271	1.037802	1.008034	0.963575	0.942429	   
79	0.996814	0.952223	1.034993	0.992321	0.96619	0.957352	   
80	0.999835	0.953399	1.023871	0.990238	0.976686	0.959365	   
81	1.002452	0.954903	1.023517	0.978594	0.977023	0.97078	   
82	1.005383	0.956967	1.022308	0.969013	0.978179	0.980379	   
83	1.009114	0.959253	1.017853	0.95994	0.98246	0.989645	   
84	1.013355	0.961795	1.014927	0.946694	0.985293	1.003492	   
85	1.017454	0.964441	1.010829	0.948869	0.989287	1.001192	   
86	1.020063	0.967199	1.013791	0.947484	0.986396	1.002656	   
87	1.021712	0.970047	1.014439	0.936638	0.985767	1.014266	   
88	1.022585	0.972811	1.018021	0.93889	0.982298	1.011833	   
89	1.022862	0.975471	1.013901	0.935949	0.98629	1.015013	   
90	1.022604	0.977936	1.019123	0.934529	0.981236	1.016554	   
91	1.017554	0.980141	0.99955	0.926457	1.00045	1.025411	   
92	1.014232	0.981799	0.989057	0.92824	1.011064	1.023443	   
93	1.009277	0.982691	0.988387	0.93956	1.011749	1.011111	   
94	1.004447	0.982814	0.973374	0.938382	1.027355	1.012381	   
95	0.9987	0.982358	0.980231	0.933726	1.020167	1.017429	   
96	0.992512	0.981237	0.963474	0.928451	1.037911	1.023209	   
97	0.987829	0.979584	0.968769	0.930199	1.032238	1.021287	   
98	0.982607	0.977449	0.98011	0.928882	1.020294	1.022734	   
99	0.97791	0.974995	0.976395	0.931557	1.024176	1.019798	   
100	0.973904	0.972224	0.978523	0.931722	1.021949	1.019617	   
101	0.971616	0.969294	0.974439	0.933078	1.026231	1.018136	   
102	0.971022	0.966402	0.978545	0.936259	1.021926	1.014677	   
103	0.971653	0.963732	0.972836	0.936803	1.027923	1.014087	   
104	0.973032	0.961427	0.970509	0.944707	1.030387	1.005602	   
105	0.973075	0.9596	0.969794	0.944597	1.031147	1.00572	   
106	0.973802	0.958203	0.968452	0.951099	1.032576	0.998845	   
107	0.974423	0.957067	0.966342	0.955641	1.03483	0.994097	   
108	0.97452	0.956219	0.966792	0.954759	1.034349	0.995016	   
109	0.975149	0.955599	0.970785	0.958662	1.030094	0.990965	   
110	0.974942	0.9553	0.970862	0.962793	1.030012	0.986713	   
111	0.977081	0.955289	0.985183	0.969329	1.01504	0.980059	   
112	0.980242	0.955868	0.990724	0.97769	1.009363	0.971678	   
113	0.984515	0.95697	0.993665	0.982121	1.006375	0.967295	   
114	0.988599	0.956151	1.012616	0.982618	0.987541	0.966805	   
115	0.994275	0.955157	1.013455	0.98571	0.986724	0.963772	   
116	0.999868	0.954381	1.026244	0.987166	0.974428	0.962351	   
117	1.004806	0.953762	1.018848	0.990476	0.981501	0.959134	   
118	1.009023	0.953322	1.015005	0.989966	0.985217	0.959629	   
119	1.012872	0.953	1.013119	0.993729	0.987051	0.955995	   
120	1.016107	0.952925	1.014476	0.980663	0.985731	0.968732	   
121	1.018281	0.952918	1.008295	0.978857	0.991773	0.970519	   
122	1.018826	0.952833	0.993345	0.983175	1.0067	0.966257	   
123	1.018571	0.952629	0.988058	0.983324	1.012086	0.966111	   
124	1.017004	0.95207	0.993982	0.98651	1.006055	0.96299	   
125	1.015549	0.951036	0.98762	0.984006	1.012536	0.965441	   
126	1.01293	0.951775	0.988169	0.98135	1.011972	0.968054	   
127	1.010243	0.952379	0.986517	0.988618	1.013667	0.960938	   
128	1.007089	0.952405	0.977742	0.988535	1.022765	0.961018	   
129	1.002825	0.951853	0.96832	0.992243	1.032716	0.957427	   
130	0.997858	0.950609	0.97187	1.001341	1.028944	0.948728	   
131	0.993263	0.948745	0.972044	1.002819	1.02876	0.947329	   
132	1.000655	0.94609	0.962136	0.976779	1.039354	0.972584	   
133	1.013713	0.942824	0.959371	0.942301	1.042349	1.00817	   
134	1.030956	0.939773	0.954588	0.939493	1.047573	1.011184	   
135	1.043916	0.937207	0.943615	0.931276	1.059754	1.020105	   
136	1.058048	0.935092	0.944608	0.932147	1.05864	1.019152	   
137	1.0722	0.933537	0.946124	0.931553	1.056944	1.019802	   
138	1.087917	0.932665	0.939342	0.919443	1.064575	1.033235	   
139	1.104592	0.93254	0.925688	0.911466	1.080278	1.042277	   
140	1.122077	0.933947	0.91776	0.910809	1.089609	1.043029	   
141	1.139133	0.936963	0.911748	0.90696	1.096794	1.047455	   
142	1.156926	0.941587	0.904684	0.882607	1.105359	1.076356	   
143	1.174047	0.947809	0.876886	0.857418	1.140399	1.107978	   
144	1.19212	0.956017	0.85826	0.832281	1.165148	1.141442	   
145	1.220042	0.966163	0.854488	0.824415	1.170292	1.152333	   
146	1.239632	0.977514	0.84376	0.818768	1.185171	1.16028	   
147	1.260457	0.989867	0.835803	0.807329	1.196454	1.176719	   
148	1.281428	1.003408	0.833492	0.808662	1.199771	1.17478	   
149	1.30027	1.018261	0.82281	0.810257	1.215347	1.172467	   
150	1.320489	1.035292	0.808803	0.809572	1.236395	1.173459	   
151	1.340796	1.054541	0.794277	0.814551	1.259007	1.166286	   
152	1.348178	1.074308	0.792505	0.829934	1.261822	1.14467	   
153	1.353277	1.272833	0.799045	0.864356	1.251493	1.099084	   
154	1.3569	1.276371	0.805611	0.879381	1.241294	1.080305	   
155	1.367602	1.275949	0.813577	0.892176	1.22914	1.064812	   
156	1.377077	1.274667	0.821209	0.910019	1.217717	1.043934	   
157	1.37894	1.269755	0.818026	0.918991	1.222455	1.033742	   
158	1.379279	1.260665	0.822859	0.918682	1.215276	1.03409	   
159	1.377916	1.246068	0.822636	0.924279	1.215604	1.027828	   
160	1.376553	1.226308	0.834654	0.922912	1.198102	1.029351	   
161	1.373286	1.202649	0.841152	0.925106	1.188846	1.026909	   
162	1.369508	1.17516	0.851475	0.941771	1.174433	1.008738	   
163	1.366599	1.144067	0.854678	0.947568	1.170032	1.002567	   
164	1.361966	1.114068	0.855424	0.943784	1.16901	1.006586	   
165	1.355754	1.08594	0.85422	0.934262	1.170658	1.016846	   
166	1.351346	1.059481	0.848315	0.94831	1.178807	1.001782	   
167	1.341718	1.034503	0.850382	0.957419	1.175942	0.992251	   
168	1.348989	1.010788	0.851681	0.954215	1.174149	0.995583	   
169	1.360948	0.990468	0.84602	0.948634	1.182005	1.00144	   
170	1.355301	0.973434	0.85053	0.941171	1.175738	1.009381	   
171	1.352474	0.960316	0.853946	0.943396	1.171035	1.007001	   
172	1.356135	0.950797	0.855675	0.939265	1.168668	1.011429	   
173	1.354133	0.944765	0.854172	0.946534	1.170725	1.003662	   
174	1.351053	0.942406	0.84107	0.945275	1.188962	1.004999	   
175	1.344939	0.943694	0.822365	0.947472	1.216006	1.002668	   
176	1.340308	0.945858	0.806711	0.932237	1.239601	1.019054	   
177	1.342024	0.948348	0.807729	0.911803	1.238039	1.041892	   
178	1.344701	0.9513	0.813362	0.909584	1.229466	1.044434	   
179	1.348052	0.954761	0.814312	0.905406	1.228031	1.049253	   
180	1.349708	0.958149	0.801234	0.902962	1.248075	1.052093	   
181	1.352773	0.961429	0.79223	0.897728	1.26226	1.058227	   
182	1.356098	0.964683	0.78329	0.888815	1.276667	1.068839	   
183	1.359347	0.967835	0.778259	0.896979	1.284919	1.05911	   
184	1.364251	0.970828	0.78544	0.915421	1.273171	1.037774	   
185	1.362129	0.973264	0.78852	0.928013	1.268198	1.023692	   
186	1.367458	0.974989	0.788301	0.928529	1.268551	1.023123	   
187	1.378072	0.976142	0.780418	0.940168	1.281365	1.010458	   
188	1.371382	0.976538	0.782783	0.95641	1.277493	0.993298	   
189	1.36353	0.976059	0.778523	0.954594	1.284483	0.995187	   
190	1.372297	0.97451	0.784061	0.971647	1.275411	0.977721	   
191	1.377192	0.971926	0.786998	0.988869	1.27065	0.960693	   
192	1.375503	0.968853	0.786466	0.990353	1.271511	0.959254	   
193	1.375299	0.964716	0.784178	0.991582	1.275221	0.958065	   
194	1.373969	0.959694	0.785567	1.001644	1.272965	0.948441	   
195	1.371629	0.954098	0.801244	1.007024	1.248059	0.943374	   
196	1.368107	0.948292	0.812185	1.017991	1.231247	0.93321	   
197	1.360337	0.942337	0.82016	1.036809	1.219275	0.916273	   
198	1.351862	0.936113	0.816925	1.035154	1.224102	0.917737	   
199	1.361195	0.929965	0.822905	1.028256	1.215206	0.923895	   
200	1.353277	0.924049	0.836423	1.02864	1.195568	0.92355	   
201	1.344088	0.918687	0.847888	1.034088	1.179401	0.918684	   
202	1.334588	0.914127	0.84803	1.051106	1.179204	0.90381	   
203	1.333162	0.910331	0.849028	1.053166	1.177817	0.902042	   
204	1.326947	0.907464	0.843825	1.043346	1.185081	0.910532	   
205	1.321157	0.905813	0.833622	1.049078	1.199585	0.905557	   
206	1.31446	0.905408	0.834911	1.058409	1.197732	0.897574	   
207	1.30588	0.90605	0.832025	1.054375	1.201887	0.901008	   
208	1.299616	0.907302	0.837943	1.048872	1.193399	0.905735	   
209	1.293838	0.910332	0.837997	1.033262	1.193322	0.919419	   
210	1.298937	0.915573	0.832798	1.009319	1.200771	0.941229	   
211	1.296633	0.92164	0.834688	0.981274	1.198053	0.96813	   
212	1.296871	0.928432	0.834705	0.958322	1.198028	0.991316	   
213	1.299603	0.935849	0.837185	0.939093	1.19448	1.011615	   
214	1.300997	0.94371	0.844744	0.900282	1.183791	1.055225	   
215	1.30318	0.95195	0.834104	0.900241	1.198891	1.055273	   
216	1.305419	0.960188	0.82266	0.901965	1.21557	1.053256	   
217	1.312575	0.968431	0.806972	0.901057	1.2392	1.054317	   
218	1.32028	0.976733	0.800263	0.908115	1.249589	1.046123	   
219	1.311883	0.984734	0.78956	0.916804	1.266529	1.036208	   
220	1.319173	0.992788	0.777047	0.920159	1.286924	1.03243	   
221	1.327925	0.999111	0.767159	0.917412	1.303511	1.035522	   
222	1.337462	1.003397	0.772623	0.912731	1.294293	1.040833	   
223	1.339939	1.00673	0.765822	0.907199	1.305786	1.04718	   
224	1.345793	1.009041	0.760309	0.904228	1.315255	1.05062	   
225	1.350887	1.010238	0.758157	0.90535	1.318989	1.049318	   
226	1.35644	1.010739	0.760742	0.908971	1.314506	1.045138	   
227	1.362659	1.010336	0.768364	0.913231	1.301467	1.040263	   
228	1.367945	1.009575	0.769315	0.916224	1.299857	1.036865	   
229	1.371465	1.006844	0.777121	0.938343	1.286801	1.012423	   
230	1.365348	1.00133	0.782312	0.956662	1.278263	0.993036	   
231	1.36604	0.994702	0.787035	0.97951	1.270592	0.969872	   
232	1.365111	0.988336	0.774951	1.014429	1.290404	0.936487	   
233	1.361074	0.981651	0.76753	1.039032	1.302882	0.914312	   
234	1.357075	0.974559	0.769629	1.075471	1.299328	0.883334	   
235	1.352296	0.967588	0.772009	1.072104	1.295322	0.886108	   
236	1.3464	0.957886	0.775582	1.077126	1.289354	0.881976	   
237	1.33954	0.948251	0.781334	1.073815	1.279862	0.884696	   
238	1.332684	0.938405	0.788753	1.068694	1.267823	0.888935	   
239	1.333584	0.928691	0.791113	1.052699	1.264042	0.902443	   
240	1.323769	0.91899	0.801573	1.040656	1.247546	0.912886	   
241	1.312322	0.910822	0.809551	1.041957	1.235252	0.911746	   
242	1.302949	0.904704	0.810081	1.042713	1.234445	0.911085	   
243	1.292991	0.899522	0.810772	1.051315	1.233393	0.90363	   
244	1.286816	0.894041	0.80993	1.064191	1.234674	0.892697	   
245	1.282972	0.889057	0.810754	1.066168	1.23342	0.891042	   
246	1.28086	0.884125	0.803027	1.062924	1.245288	0.893761	   
247	1.279263	0.879854	0.799279	1.05861	1.251127	0.897403	   
248	1.27736	0.87816	0.789023	1.048316	1.267389	0.906215	   
249	1.275657	0.877214	0.780572	1.007459	1.281112	0.942967	 





