1	1.038095206	7.371097
2	0.76034366	7.383204
3	0.683044837	7.397443
4	0.667428402	7.414525
5	0.737412395	7.440562
6	0.69156528	7.447213
7	0.677219167	7.459225
8	0.663392771	7.46963
9	0.701355648	7.488065
10	0.684116298	7.496129
11	0.672153907	7.504383
12	0.662291137	7.513725
13	0.692651882	7.531955
14	0.678182825	7.53912
15	0.668528188	7.545071
16	0.664997823	7.552093
17	0.685105076	7.565364
18	0.675338111	7.569204
19	0.669800441	7.575656
20	0.76144093	6.52546
21	0.783732233	6.113145
22	0.796689111	5.944992
23	0.81808079	5.742219
24	0.824450142	5.568193
25	0.841972393	5.270452
26	0.861082455	5.115952
27	0.875394536	4.944903
28	0.882162699	4.796862
29	0.905993197	4.520495
30	0.916422562	4.384166
31	0.934099366	4.237828
32	0.945100635	4.101306
33	0.960706929	3.850196
34	0.975220462	3.73303
35	0.995863337	3.608846
36	0.999955812	3.474856
37	1.018861443	3.255769
38	1.035575668	3.150112
39	1.050172823	3.03321
40	0.960868587	3.284471
41	0.960260009	3.32714
42	0.959563281	3.325828
43	0.954930709	3.325961
44	0.958267528	3.3246
45	0.962256247	3.322364
46	0.953073232	3.321301
47	0.957012742	3.31969
48	0.959069248	3.318801
49	0.957270635	3.319075
50	0.957572186	3.317511
51	0.956049871	3.316434
52	0.954314721	3.315436
53	0.96307832	3.313475
54	0.955970592	3.312807
55	0.953022688	3.311787
56	0.959408088	3.31093
57	0.962972069	3.308832
58	0.954042031	3.308077
59	0.958477981	3.307333
60	0.95955876	3.306258
61	0.958246487	3.30533
62	0.959805965	3.304907
63	0.960599691	3.304464
64	0.956868862	3.304203
65	0.961547541	3.300966
66	0.968956904	3.300088
67	0.958387775	3.299743
68	0.963293929	3.299126
69	0.964524139	3.297509
70	0.968350318	3.29736
71	0.966796628	3.296653
72	0.967147074	3.295828
73	0.964107128	3.294529
74	0.978482983	3.294163
75	0.972835441	3.29338
76	0.970147713	3.292119
77	0.975390156	3.291578
78	0.984842135	3.290895
79	0.976863835	3.288305
80	1.067422306	2.968226
81	1.077713554	2.930475
82	1.079636917	2.929485
83	1.076968905	2.927127
84	1.09103636	2.929136
85	1.086910116	2.927588
86	1.086154639	2.926641
87	1.094150681	2.928518
88	1.101770406	2.930314
89	1.104351252	2.930516
90	1.097797398	2.928031
91	1.101393055	2.928834
92	1.118390104	2.933705
93	1.116348754	2.933192
94	1.10538018	2.929212
95	1.118009467	2.93309
96	1.128826648	2.937153
97	1.121897568	2.934939
98	1.121135889	2.932756
99	1.12812635	2.936584
100	1.0497903	3.245981
101	1.033180132	3.318867
102	1.027956722	3.33712
103	1.037222891	3.357989
104	1.027676627	3.381261
105	1.022871473	3.414942
106	1.021990355	3.430856
107	1.036374893	3.456274
108	1.014882732	3.474575
109	1.008918443	3.510243
110	1.009475189	3.528002
111	1.022180138	3.554447
112	1.001506357	3.577678
113	0.993630035	3.61333
114	0.995311772	3.632485
115	1.005802708	3.6613
116	0.984480336	3.683359
117	0.977815902	3.717088
118	0.973080237	3.741771
119	0.990821522	3.767377
120	0.975373028	3.773774
121	0.966276782	3.774642
122	0.974531396	3.775609
123	0.985617406	3.781814
124	0.973613636	3.779094
125	0.963415442	3.780345
126	0.966296648	3.784674
127	0.974976144	3.786184
128	0.974859475	3.785633
129	0.956060343	3.786682
130	0.965122891	3.785215
131	0.974438143	3.786038
132	0.971865218	3.785922
133	0.95204409	3.785409
134	0.957795847	3.785343
135	0.968546799	3.785704
136	0.967992864	3.786078
137	0.94759975	3.787938
138	0.95579114	3.781623
139	0.964151247	3.781925
140	0.967822668	3.772857
141	0.95275965	3.750089
142	0.959804458	3.723541
143	0.980230154	3.681914
144	0.979775886	3.66941
145	0.96408583	3.645428
146	0.974160046	3.619704
147	0.986610517	3.581832
148	0.989001206	3.567029
149	0.983819312	3.53985
150	0.990558085	3.515524
151	0.998713605	3.476665
152	1.005382333	3.459775
153	0.998235525	3.437738
154	1.010528683	3.414383
155	1.01048356	3.376684
156	1.019502363	3.362041
157	1.017160209	3.339675
158	1.023260332	3.322027
159	1.024052667	3.285239
160	1.115427587	2.973236
161	1.108036255	2.925487
162	1.103786657	2.942435
163	1.095975921	2.972037
164	1.103372057	2.990174
165	1.09014286	2.999774
166	1.087337589	3.021438
167	1.077494992	3.051998
168	1.084209929	3.070714
169	1.070802664	3.083913
170	1.075810291	3.110241
171	1.058494374	3.137414
172	1.063353968	3.158494
173	1.054473661	3.171466
174	1.054377219	3.195611
175	1.045209144	3.226139
176	1.048011266	3.24592
177	1.03558971	3.260661
178	1.040916006	3.289288
179	1.027602306	3.319389
180	0.938459483	3.712794
181	0.936800466	3.785466
182	0.94705483	3.786688
183	0.930467716	3.790103
184	0.933925176	3.791872
185	0.943209816	3.792798
186	0.943846538	3.794696
187	0.929898442	3.795823
188	0.9379351	3.796635
189	0.938925292	3.79911
190	0.932768889	3.801728
191	0.934855419	3.802424
192	0.934187914	3.801721
193	0.946837624	3.799924
194	0.938935392	3.803057
195	0.932942648	3.80392
196	0.933174902	3.804054
197	0.949624813	3.801945
198	0.936849304	3.802557
199	0.935468017	3.803582
200	0.945943435	3.778222
201	0.955797121	3.755854
202	0.947507172	3.729439
203	0.961724619	3.692604
204	0.964930844	3.67035
205	0.969239726	3.648734
206	0.968397896	3.622636
207	0.98013738	3.58877
208	0.97773923	3.565594
209	0.990492247	3.544687
210	0.984282094	3.52125
211	0.993638114	3.487461
212	0.998646678	3.465911
213	1.000496154	3.445116
214	1.008583691	3.416655
215	1.013473727	3.38626
216	1.016468114	3.365641
217	1.01340817	3.342666
218	1.028150457	3.319474
219	1.029772388	3.289184
220	1.108637392	2.988639
221	1.111448649	2.956039
222	1.111749978	2.978076
223	1.097659345	2.998152
224	1.100058514	3.018354
225	1.092970465	3.032251
226	1.091995725	3.053492
227	1.08003005	3.076814
228	1.087337589	3.101459
229	1.073558997	3.113955
230	1.075367226	3.1351
231	1.067599491	3.163244
232	1.066593117	3.185103
233	1.055406236	3.198638
234	1.049218839	3.223168
235	1.045949897	3.251299
236	1.054382677	3.276567
237	1.040916006	3.292326
238	1.030566154	3.315855
239	1.033307684	3.342379
240	0.948616355	3.677779
241	0.931936598	3.711251
242	0.888958725	3.704541
243	0.836337853	3.695319
244	0.855279919	3.650498
245	0.875240297	3.653414
246	0.875782256	3.65343
247	0.86362255	3.651806
248	0.850877755	3.649944
249	0.876524773	3.654468
250	0.875868881	3.655024
251	0.858348599	3.652657
252	0.852952878	3.651642
253	0.876830437	3.658416
254	0.872369862	3.659465
255	0.861315515	3.658285
256	0.846456175	3.655597
257	0.877412165	3.662019
258	0.87330752	3.659396
259	0.855151835	3.659723
260	0.862475403	3.65327
261	0.903163437	3.608822
262	0.947024004	3.568268
263	0.997500535	3.52517
264	0.98489611	3.508073
265	0.993620339	3.443622
266	0.993954932	3.389956
267	1.009230078	3.333252
268	1.021049325	3.28762
269	1.025770167	3.223623
270	1.032300357	3.174269
271	1.045196629	3.123052
272	1.054186206	3.078822
273	1.063553871	3.019749
274	1.066753264	2.97461
275	1.075369119	2.923156
276	1.094058599	2.883855
277	1.095537701	2.82415
278	1.104490994	2.781761
279	1.115236207	2.740033
280	1.109900091	2.741807
281	1.097385313	2.768027
282	1.099423118	2.792402
283	1.094117373	2.817761
284	1.084040651	2.839035
285	1.080540022	2.869035
286	1.078227049	2.89463
287	1.067304837	2.920664
288	1.064046546	2.944448
289	1.058439365	2.976184
290	1.053197687	3.001196
291	1.049435091	3.029843
292	1.040978076	3.053742
293	1.033164408	3.086414
294	1.034926657	3.111558
295	1.029307466	3.142605
296	1.016199315	3.171202
297	1.016813198	3.204601
298	1.007314986	3.233155
299	1.006926534	3.262205
300	1.002248909	3.276999
301	1.002742361	3.277931
302	0.995172355	3.278371
303	1.004841659	3.278388
304	0.999775828	3.278523
305	0.996257918	3.279229
306	0.996563406	3.27928
307	1.00378679	3.280121
308	0.99529718	3.280114
309	0.999777464	3.28003
310	0.995237195	3.279965
311	0.996891851	3.280403
312	0.998759315	3.280183
313	0.999299999	3.280063
314	0.99121855	3.280251
315	0.999993453	3.280243
316	0.996462639	3.280111
317	0.992505044	3.280518
318	0.994160325	3.280166
319	0.993777101	3.281275
320	0.9953215	3.280041
321	0.993237532	3.27946
322	0.994404643	3.279274
323	0.987640751	3.279477
324	1.001457112	3.279346
325	0.99319071	3.278866
326	0.990564508	3.271137
327	0.991364903	3.270748
328	1.005190468	3.270687
329	0.991411553	3.270593
330	0.994200767	3.270722
331	0.991334343	3.270244
332	0.998692383	3.270437
333	0.994945482	3.270135
334	0.994170031	3.269672
335	0.985221675	3.266304
336	1.002202878	3.26661
337	0.994471002	3.265961
338	0.989884065	3.266372
339	0.989022017	3.266404
340	0.995412306	3.267452
341	0.995379873	3.267177
342	0.991881507	3.266055
343	0.98752582	3.265485
344	0.99070585	3.265465
345	0.998578129	3.265757
346	0.98999313	3.27336
347	0.982078277	3.272713
348	0.989524963	3.271196
349	0.993630035	3.271215
350	0.984961206	3.270682
351	0.985552224	3.270866
352	0.988775537	3.269427
353	0.992271327	3.269359
354	0.983143355	3.269456
355	0.986914898	3.272749
356	0.98665194	3.27266
357	0.989158115	3.272927
358	0.980807633	3.272892
359	0.986188519	3.272891
360	0.98557289	3.272965
361	0.984486681	3.273881
362	0.980267897	3.274789
363	0.98521532	3.273699
364	0.982359335	3.267544
365	0.993137437	3.267097
366	0.985015194	3.266895
367	0.98516131	3.265669
368	0.981860489	3.253095
369	0.993326343	3.253356
370	0.996251421	3.253642
371	0.984470819	3.252989
372	0.983531086	3.254122
373	0.993882175	3.253206
374	0.994572985	3.253453
375	0.982961465	3.250386
376	0.985477513	3.247242
377	0.994901739	3.247556
378	0.998463902	3.239772
379	0.983714771	3.238905
380	1.115236207	2.8055
381	1.124699957	2.773614
382	1.118795583	2.769069
383	1.123965483	2.769002
384	1.119494597	2.770803
385	1.11150324	2.765931
386	1.11837168	2.768398
387	1.123657496	2.771522
388	1.115486642	2.779727
389	1.116222309	2.779296
390	1.10550218	2.773578
391	1.119277214	2.778336
392	1.117804931	2.777175
393	1.110505271	2.774671
394	1.108004106	2.773263
395	1.122610777	2.7802
396	1.111295013	2.777272
397	1.110612255	2.7764
398	1.108186981	2.781902
399	1.115179213	2.784906
400	0.980013184	3.222077
401	0.974483213	3.292299
402	0.976935684	3.308898
403	0.966090386	3.338585
404	0.959815012	3.359814
405	0.968052677	3.394597
406	0.960149853	3.410412
407	0.950338218	3.435406
408	0.946668918	3.457424
409	0.946541329	3.49341
410	0.947194305	3.509258
411	0.938970022	3.531051
412	0.927450876	3.556877
413	0.933612653	3.592424
414	0.936675522	3.607862
415	0.917983921	3.638534
416	0.913687214	3.664664
417	0.921450493	3.701362
418	0.91655316	3.720355
419	0.902671079	3.74902
420	1.001004281	3.325209
421	1.019425818	3.252664
422	1.022775589	3.23752
423	1.012288285	3.212347
424	1.021505107	3.194104
425	1.028309651	3.16087
426	1.034986262	3.148399
427	1.031521334	3.124869
428	1.036302824	3.106577
429	1.045042888	3.076186
430	1.049541448	3.063477
431	1.045151932	3.046571
432	1.04965504	3.027364
433	1.056254635	2.99643
434	1.062172743	2.983306
435	1.061285319	2.96413
436	1.064094727	2.944523
437	1.072176237	2.913366
438	1.076604555	2.900787
439	1.07848398	2.883374
440	1.07179068	2.877346
441	1.068422774	2.890645
442	1.063596453	2.904221
443	1.067989505	2.925339
444	1.056207162	2.939679
445	1.04883701	2.968731
446	1.052241826	2.981015
447	1.061005194	3.001556
448	1.039828318	3.007118
449	1.047474062	3.042716
450	1.045538238	3.057333
451	1.043889488	3.077282
452	1.028536415	3.08917
453	1.033195856	3.127489
454	1.023433443	3.138465
455	1.033305936	3.163842
456	1.015164329	3.175108
457	1.013154426	3.212489
458	1.012249713	3.229436
459	1.01576514	3.251888
460	0.970960186	3.405042
461	0.978006851	3.421592
462	0.974867252	3.420889
463	0.983729025	3.423855
464	0.971236459	3.41838
465	0.976653037	3.42102
466	0.974087052	3.426855
467	0.971271969	3.434325
468	0.971296673	3.434997
469	0.976450132	3.435066
470	0.970759639	3.43227
471	0.969161319	3.430198
472	0.970862988	3.430207
473	0.974935696	3.43418
474	0.973449213	3.436419
475	0.968450084	3.43483
476	0.96722975	3.433386
477	0.973295697	3.434829
478	0.971787931	3.434423
479	0.968818628	3.433134
480	0.909671551	3.689768
481	0.920279126	3.696815
482	0.919067876	3.682662
483	0.916499542	3.655322
484	0.924558451	3.639168
485	0.936517595	3.598868
486	0.933162075	3.577353
487	0.936658291	3.550125
488	0.939953725	3.535633
489	0.937677445	3.467636
490	0.954865045	3.415623
491	0.951077862	3.365484
492	0.92594978	3.347055
493	0.849153626	3.294766
494	0.876361336	3.218171
495	0.900084705	3.187553
496	0.919054051	3.174857
497	0.890762747	3.124364
498	0.889890926	3.105311
499	0.907166167	3.084097
500	0.925206657	3.054148
501	0.896911015	3.007965
502	0.899187935	2.989277
503	0.913586117	2.957713
504	0.929392062	2.934775
505	0.902423102	2.887965
506	0.903755244	2.868804
507	0.919740245	2.835589
508	0.936376942	2.815828
509	0.912158127	2.796759
510	0.902829803	2.809381
511	0.929311488	2.816519
512	0.971213301	2.81369
513	1.030595705	2.810375
514	1.005559377	2.834288
515	1.000401143	2.802655
516	1.002283435	2.778995
517	1.021091984	2.745535
518	1.02220579	2.729508
519	1.019459836	2.698834
520	1.018004179	2.702299
521	1.024171109	2.702676
522	1.024913277	2.703249
523	1.021877545	2.702585
524	1.014946794	2.701942
525	1.024705292	2.701669
526	1.029784537	2.705908
527	1.018088992	2.705847
528	1.010119379	2.705733
529	1.024305032	2.707247
530	1.02211174	2.707091
531	1.013036839	2.707428
532	1.008162652	2.707949
533	1.013139306	2.709266
534	1.013916039	2.709478
535	1.012474481	2.711396
536	1.002941524	2.711907
537	0.999376821	2.716585
538	1.003742267	2.717093
539	1.005397222	2.717621
540	1.053717155	2.519539
541	1.058410029	2.50323
542	1.054164381	2.515074
543	1.0471599	2.538737
544	1.042313492	2.556634
545	1.037962943	2.587298
546	1.027217049	2.599336
547	1.027446786	2.628012
548	1.021202914	2.644597
549	1.009181737	2.676061
550	1.009358454	2.690268
551	1.007991342	2.717297
552	0.999036935	2.734727
553	0.997565679	2.769874
554	0.994462909	2.784257
555	0.982534682	2.808568
556	0.984886585	2.828783
557	0.981184069	2.864589
558	0.977437354	2.882149
559	0.970921613	2.910447
560	0.913468654	3.153828
561	0.91326385	3.174615
562	0.926517039	3.153646
563	0.926744699	3.125344
564	0.923670919	3.10563
565	0.939108569	3.06479
566	0.947068042	3.047126
567	0.945416509	3.016706
568	0.951141526	2.994948
569	0.963210407	2.956999
570	0.965806346	2.94146
571	0.973432153	2.908925
572	0.9720322	2.890811
573	0.97687633	2.854094
574	0.988610751	2.838013
575	0.993381252	2.813798
576	0.985309058	2.794142
577	0.998692383	2.751093
578	1.003697747	2.73385
579	1.013949691	2.706144
580	1.002666667	2.702599
581	1.000512538	2.697136
582	1.000366747	2.697226
583	1.006737396	2.697288
584	1.002188083	2.69744
585	0.996491892	2.697502
586	0.9960614	2.697732
587	1.002564662	2.69795
588	0.997480993	2.699417
589	0.992358353	2.699647
590	0.991417987	2.699906
591	0.99736376	2.702531
592	0.993176181	2.702202
593	0.989549002	2.702088
594	0.987841945	2.702185
595	0.994048723	2.702397
596	0.992800168	2.70235
597	0.988813941	2.709101
598	0.984015783	2.709122
599	0.984648508	2.708994
600	0.989143703	2.710109
601	0.987805213	2.71588
602	0.980239589	2.715738
603	0.986390714	2.716213
604	0.985075541	2.716104
605	0.981821045	2.715065
606	0.984155261	2.715187
607	0.984440681	2.715166
608	0.981012353	2.715142
609	0.98638116	2.712706
610	0.982846039	2.712686
611	0.981284921	2.712501
612	0.986347721	2.7129
613	0.984829436	2.71287
614	0.9771091	2.712772
615	0.987340708	2.711915
616	0.986852731	2.711368
617	0.978899979	2.711495
618	0.981770561	2.71153
619	0.98541076	2.712759
620	1.037638599	2.546362
621	1.040988718	2.513322
622	1.039603623	2.511983
623	1.046198839	2.507358
624	1.046887181	2.505682
625	1.043003851	2.504949
626	1.043032339	2.504507
627	1.04760876	2.505
628	1.046516009	2.504263
629	1.043253174	2.505766
630	1.045341473	2.506004
631	1.043830636	2.505938
632	1.04598929	2.499842
633	1.045976756	2.499579
634	1.054784943	2.501417
635	1.043080416	2.499774
636	1.044612297	2.500597
637	1.051426998	2.502162
638	1.049202623	2.501842
639	1.04260874	2.50071
640	0.990717094	2.663915
641	0.986822448	2.698873
642	0.990906688	2.700125
643	0.981325898	2.705783
644	0.981489841	2.706623
645	0.984280509	2.703962
646	0.986037324	2.7044
647	0.981627027	2.704993
648	0.981835245	2.701086
649	0.982300899	2.699549
650	0.987369428	2.699783
651	0.986108937	2.698583
652	0.983426606	2.705487
653	0.979917308	2.705629
654	0.97981988	2.703936
655	0.985534737	2.70401
656	0.983244611	2.704011
657	0.9770841	2.703759
658	0.984938977	2.703087
659	0.986346128	2.703137
660	0.981931496	2.70309
661	0.982872917	2.702861
662	0.982593145	2.702881
663	0.978235462	2.702774
664	0.983315818	2.703828
665	0.978636572	2.707438
666	0.975436871	2.707328
667	0.978122709	2.707179
668	0.977983369	2.711632
669	0.972595413	2.713292
670	0.974666643	2.713418
671	0.972618636	2.714424
672	0.968516094	2.714429
673	0.975446215	2.714314
674	0.970327974	2.716051
675	0.965116793	2.716003
676	0.969567329	2.715983
677	0.969585792	2.716026
678	0.963416961	2.716811
679	0.965856728	2.716941
680	1.022802982	2.54167
681	1.023017046	2.512877
682	1.023579177	2.512198
683	1.032155617	2.513562
684	1.029099429	2.511416
685	1.025458561	2.510055
686	1.027935969	2.510391
687	1.032974018	2.508835
688	1.033522672	2.508581
689	1.029248514	2.506611
690	1.024408073	2.505251
691	1.033554141	2.507221
692	1.039352506	2.508185
693	1.024444143	2.505209
694	1.024772319	2.505185
695	1.03815694	2.507852
696	1.034302971	2.506994
697	1.02271567	2.504626
698	1.0265388	2.50524
699	1.032167823	2.506033
700	0.97426878	2.677428
701	0.965156431	2.70764
702	0.962833978	2.708537
703	0.963859223	2.709431
704	0.966585564	2.711417
705	0.962216847	2.711808
706	0.963518752	2.710746
707	0.965842986	2.71375
708	0.966178991	2.714218
709	0.963310635	2.71439
710	0.970136931	2.714558
711	0.96705676	2.714566
712	0.962277463	2.714724
713	0.968560617	2.714898
714	0.969242801	2.714719
715	0.962406299	2.71468
716	0.968400966	2.714773
717	0.973244536	2.714623
718	0.967539141	2.714729
719	0.963950461	2.714871
720	1.044887405	2.493815
721	1.044656947	2.461455
722	1.042290378	2.459624
723	1.043160555	2.436804
724	1.048820806	2.40491
725	0.999036935	2.381913
726	0.966788979	2.363968
727	0.954708384	2.316689
728	0.990212936	2.329127
729	0.979045855	2.324251
730	0.997803526	2.329705
731	0.962733849	2.315052
732	0.991818713	2.324228
733	0.980584114	2.319552
734	1.001019041	2.327898
735	0.968052677	2.314796
736	0.992905035	2.324531
737	0.978426575	2.318962
738	0.999489622	2.327528
739	0.973672594	2.317285
740	1.014170165	2.230351
741	1.009742111	2.217423
742	1.028562386	2.226528
743	0.999041835	2.235195
744	1.016819966	2.273419
745	1.055741784	2.294549
746	1.107060546	2.32073
747	1.084259953	2.349401
748	1.072347476	2.346581
749	1.073672187	2.348202
750	1.068217301	2.347805
751	1.073785401	2.348563
752	1.071275783	2.34997
753	1.066537262	2.348201
754	1.063787187	2.347179
755	1.0727372	2.350173
756	1.064194809	2.347511
757	1.063352117	2.347034
758	1.067409253	2.348357
759	1.06426154	2.34722
760	0.964987231	2.65692
761	0.957147669	2.703326
762	0.962057764	2.704772
763	0.957761315	2.705313
764	0.954845646	2.710155
765	0.955507146	2.713024
766	0.950296832	2.713379
767	0.95416122	2.714012
768	0.950885444	2.714548
769	0.947970242	2.71485
770	0.949813768	2.715062
771	0.952119752	2.716999
772	0.943604569	2.71721
773	0.947929062	2.710299
774	0.95055999	2.710291
775	0.955504157	2.710037
776	0.947233953	2.709788
777	0.951596299	2.706045
778	0.953604265	2.706075
779	0.962292619	2.706033
780	1.035247553	2.446935
781	1.041134172	2.400682
782	1.041063213	2.399391
783	1.052958106	2.402293
784	1.049527026	2.398807
785	1.045903346	2.397053
786	1.047912408	2.397436
787	1.059814472	2.399632
788	1.053361101	2.397505
789	1.052064267	2.396866
790	1.055050862	2.397606
791	1.063742738	2.399739
792	1.059641699	2.398461
793	1.057896915	2.404106
794	1.05693068	2.40356
795	1.060303688	2.404444
796	1.062932197	2.405463
797	1.058835558	2.407349
798	1.05348097	2.40569
799	1.063342865	2.40872
800	0.980791889	2.656958
801	0.97314843	2.705753
802	0.97694818	2.707214
803	0.980458232	2.707889
804	0.972654248	2.710468
805	0.978519025	2.710982
806	0.978080433	2.711127
807	0.977256006	2.712475
808	0.979067818	2.712639
809	0.978649112	2.712729
810	0.973089535	2.712834
811	0.981532411	2.713284
812	0.979717758	2.712933
813	0.975446215	2.713082
814	0.976100709	2.713585
815	0.978776097	2.713979
816	0.974753719	2.713859
817	0.979695765	2.71443
818	0.976158409	2.714494
819	0.973664836	2.714362
820	0.975762444	2.714615
821	0.974551603	2.716553
822	0.967421181	2.716478
823	0.972012097	2.716855
824	0.968347248	2.716967
825	0.96712105	2.717167
826	0.968078752	2.717555
827	0.969701202	2.717812
828	0.967228218	2.714863
829	0.972592317	2.714918
830	0.971965709	2.715297
831	0.970039897	2.715193
832	0.977288831	2.715406
833	0.974456792	2.715611
834	0.978559771	2.715269
835	0.981732702	2.714406
836	0.985682597	2.714563
837	0.977499904	2.71459
838	0.990768502	2.714727
839	0.99091633	2.715028
840	0.993337647	2.715004
841	0.993492704	2.714873
842	1.002798316	2.715014
843	0.999784007	2.714992
844	1.012657389	2.714649
845	1.004574018	2.714519
846	1.010085981	2.714456
847	1.015091807	2.714058
848	1.021274604	2.716879
849	1.011107287	2.716846
850	1.025095547	2.716496
851	1.024942504	2.7164
852	1.0264474	2.712806
853	1.028320035	2.712388
854	1.034210183	2.712402
855	1.03269991	2.703662
856	1.037839527	2.703238
857	1.041714618	2.702961
858	1.039336594	2.702582
859	1.042301046	2.699316
860	1.126701347	2.451856
861	1.128853761	2.441891
862	1.129790979	2.46876
863	1.121010414	2.486198
864	1.111129297	2.50419
865	1.117306177	2.526273
866	1.113050195	2.552243
867	1.100411168	2.572011
868	1.098099264	2.592936
869	1.099357838	2.612752
870	1.088705438	2.639208
871	1.085807203	2.664127
872	1.075751574	2.687381
873	1.072157423	2.707865
874	1.06969098	2.739242
875	1.061613548	2.771769
876	1.051676745	2.786427
877	1.048619204	2.808996
878	1.051088763	2.842004
879	1.041277892	2.869329
880	0.952075244	3.200902
881	0.942358797	3.240648
882	0.945159115	3.243722
883	0.951872041	3.239599
884	0.944513321	3.240394
885	0.942799389	3.241276
886	0.954741204	3.242051
887	0.952557641	3.242486
888	0.941023544	3.244664
889	0.948550085	3.245134
890	0.957638223	3.24563
891	0.949742901	3.24536
892	0.950217026	3.245338
893	0.954103112	3.245329
894	0.95700075	3.245489
895	0.959215296	3.245337
896	0.956784952	3.252634
897	0.957018738	3.252493
898	0.963833375	3.251697
899	0.962912882	3.250912
900	1.033564631	2.973461
901	1.047547693	2.936485
902	1.048892826	2.934192
903	1.045348626	2.936868
904	1.050329883	2.936967
905	1.047813568	2.935368
906	1.044751619	2.933552
907	1.052838356	2.931506
908	1.051901256	2.930673
909	1.046822611	2.928661
910	1.051694847	2.929592
911	1.051385385	2.929216
912	1.044017914	2.926833
913	1.044264153	2.925654
914	1.046263333	2.926034
915	1.038321013	2.923838
916	1.033917923	2.922933
917	1.029690823	2.921442
918	1.031564872	2.922767
919	1.033080558	2.923416
920	1.004451809	2.983554
921	0.993271439	2.967373
922	1.00581761	2.971367
923	0.997399579	2.969737
924	0.987179591	2.967851
925	0.984434337	2.966329
926	0.99491956	2.969723
927	0.98120928	2.970329
928	0.978906253	2.958617
929	0.969936724	2.956021
930	0.982117742	2.960494
931	0.970944756	2.957145
932	0.969218201	2.952434
933	0.963175484	2.952035
934	0.978617762	2.957257
935	0.971610217	2.954552
936	0.971292041	2.954133
937	0.966938918	2.952915
938	0.976604645	2.956192
939	0.965549937	2.953143
940	0.916254902	3.15669
941	0.914626844	3.194222
942	0.93168791	3.143551
943	0.928286453	3.122271
944	0.928086228	3.101153
945	0.931635348	3.05061
946	0.862025181	3.026432
947	0.831215615	3.00982
948	0.854874252	2.956102
949	0.890174859	2.924022
950	0.858599485	2.87966
951	0.880225891	2.856965
952	0.88232321	2.840203
953	0.903140742	2.814374
954	0.873282556	2.76651
955	0.895721063	2.738614
956	0.896179576	2.718589
957	0.920226457	2.698193
958	0.889040215	2.647236
959	0.904631685	2.628384
960	0.969659651	2.420412
961	0.9934184	2.392035
962	0.949198463	2.374865
963	0.973678801	2.384075
964	0.972700701	2.387334
965	0.990463346	2.419836
966	1.040318736	2.436894
967	1.086743859	2.451982
968	1.060033276	2.475609
969	1.052129486	2.475636
970	1.053346573	2.476029
971	1.055451815	2.474989
972	1.053973445	2.476041
973	1.051313023	2.475327
974	1.051839687	2.471768
975	1.053201318	2.478152
976	1.048049016	2.476936
977	1.045829946	2.476388
978	1.04799329	2.47654
979	1.05171657	2.475939
980	1.032666748	2.52471
981	1.027527996	2.513966
982	1.034548151	2.515447
983	1.025811499	2.513487
984	1.02871478	2.514143
985	1.024627964	2.513187
986	1.022159618	2.512852
987	1.020699655	2.512466
988	1.026318088	2.51393
989	1.014596237	2.510441
990	1.018187393	2.490228
991	1.018238298	2.447246
992	0.992018392	2.432708
993	0.941106162	2.409736
994	0.92846419	2.371107
995	0.955102373	2.343065
996	0.973029099	2.349686
997	0.973953518	2.34114
998	0.959729077	2.335857
999	0.952306733	2.334585
1000	1.010301437	2.216141
1001	1.009540238	2.225418
1002	0.996693457	2.219332
1003	0.987355068	2.215198
1004	1.007442876	2.225118
1005	1.001399665	2.221523
1006	1.001125652	2.221855
1007	0.984546963	2.213814
1008	1.003729075	2.223637
1009	1.004955698	2.225397
1010	0.996261167	2.242813
1011	0.977836245	2.279998
1012	1.02871478	2.308862
1013	1.07028684	2.331749
1014	1.07836787	2.368246
1015	1.035207211	2.388795
1016	1.039449755	2.390943
1017	1.032330008	2.397518
1018	1.044360539	2.401441
1019	1.032888453	2.398164
1020	1.048385298	2.355916
1021	1.044344473	2.343437
1022	1.056767985	2.347707
1023	1.045159083	2.343671
1024	1.051351012	2.343948
1025	1.051188221	2.343621
1026	1.054459102	2.344739
1027	1.050311827	2.343434
1028	1.052613445	2.339998
1029	1.047639297	2.338103
1030	1.057378808	2.341585
1031	1.058762167	2.341139
1032	1.049965288	2.338045
1033	1.049353986	2.337759
1034	1.061347999	2.34186
1035	1.054502779	2.339285
1036	1.048847812	2.33692
1037	1.051432426	2.337451
1038	1.0552513	2.338852
1039	1.055315092	2.338898
1040	0.949807862	2.656715
1041	0.947980538	2.706425
1042	0.942995825	2.707834
1043	0.955525077	2.70192
1044	0.939819266	2.704721
1045	0.952064859	2.706699
1046	0.942895414	2.70698
1047	0.952631899	2.700259
1048	0.939720975	2.703785
1049	0.95744014	2.704583
1050	0.946626385	2.70466
1051	0.943693471	2.706448
1052	0.944709011	2.706763
1053	0.956235406	2.707204
1054	0.946608786	2.707214
1055	0.94386695	2.70762
1056	0.951935811	2.705431
1057	0.960845922	2.706057
1058	0.952269628	2.705838
1059	0.950391434	2.70574
1060	1.053624485	2.389973
1061	1.063046856	2.346028
1062	1.055296865	2.342265
1063	1.048426674	2.345198
1064	1.064213344	2.349871
1065	1.054253507	2.346008
1066	1.049965288	2.340777
1067	1.048549021	2.346399
1068	1.061870003	2.351463
1069	1.051510234	2.345827
1070	1.048117334	2.344658
1071	1.050245029	2.34509
1072	1.058769505	2.345059
1073	1.054355385	2.343252
1074	1.042576717	2.339065
1075	1.053726242	2.343017
1076	1.052238202	2.344567
1077	1.044032186	2.341645
1078	1.0390644	2.339692
1079	1.045459523	2.341805
1080	0.946031313	2.655396
1081	0.94449872	2.708025
1082	0.937697592	2.708811
1083	0.939124447	2.709797
1084	0.939172084	2.703517
1085	0.943687641	2.704066
1086	0.946289183	2.7085
1087	0.939885768	2.708685
1088	0.936692754	2.709292
1089	0.941407767	2.711307
1090	0.942291944	2.711386
1091	0.93738973	2.711239
1092	0.943151577	2.713875
1093	0.937120876	2.714058
1094	0.94125984	2.714197
1095	0.938387417	2.714233
1096	0.943090435	2.714528
1097	0.937195622	2.714578
1098	0.942664114	2.715001
1099	0.937814172	2.714943
1100	1.045783405	2.381352
1101	1.038914224	2.347484
1102	1.052191089	2.35104
1103	1.051412524	2.349972
1104	1.047935772	2.354634
1105	1.037129578	2.350712
1106	1.045767295	2.353298
1107	1.046053758	2.353319
1108	1.046926645	2.353675
1109	1.037642124	2.350592
1110	1.044076787	2.352616
1111	1.05067305	2.354257
1112	1.039598317	2.35079
1113	1.039736305	2.350563
1114	1.042961122	2.351562
1115	1.047032494	2.353059
1116	1.040311651	2.350738
1117	1.039888489	2.350529
1118	1.04356856	2.351857
1119	1.048595808	2.353913
1120	1.033538406	2.372085
1121	1.035990057	2.362006
1122	1.03183315	2.360952
1123	1.04000354	2.363664
1124	1.034022908	2.361364
1125	1.037448319	2.362263
1126	1.034260952	2.357097
1127	1.040161114	2.359047
1128	1.039325986	2.358525
1129	1.041711066	2.35912
1130	1.036399504	2.357184
1131	1.036427632	2.358045
1132	1.046392344	2.36056
1133	1.040816709	2.358793
1134	1.039419694	2.358008
1135	1.041517513	2.358493
1136	1.045557919	2.359865
1137	1.043424207	2.358787
1138	1.039470976	2.357345
1139	1.043026997	2.358626
1140	0.951387375	2.665333
1141	0.945374088	2.711518
1142	0.939222613	2.712623
1143	0.940368914	2.713673
1144	0.946630785	2.714091
1145	0.945160577	2.714745
1146	0.932694847	2.719699
1147	0.944846335	2.71991
1148	0.941708114	2.720365
1149	0.937732131	2.72073
1150	0.935435077	2.720934
1151	0.943748861	2.720977
1152	0.931521719	2.722593
1153	0.935493798	2.722615
1154	0.938312481	2.722722
1155	0.93404082	2.720966
1156	0.938965693	2.720951
1157	0.935369203	2.720906
1158	0.934599453	2.721056
1159	0.93066897	2.721054
1160	1.067722623	2.321284
1161	1.055391652	2.273643
1162	1.063979842	2.274154
1163	1.059461634	2.271217
1164	1.072752268	2.276124
1165	1.055898689	2.268726
1166	1.068731131	2.267719
1167	1.058949335	2.263219
1168	1.075959955	2.269873
1169	1.061434657	2.263593
1170	1.071007255	2.26766
1171	1.059147586	2.262556
1172	1.07518367	2.269234
1173	1.068708699	2.266481
1174	1.066563327	2.265447
1175	1.064676946	2.265607
1176	1.068462009	2.267167
1177	1.070566261	2.2685
1178	1.065027698	2.265835
1179	1.066811003	2.266708
1180	0.945207366	2.660027
1181	0.947859946	2.707886
1182	0.936839249	2.711225
1183	0.941342499	2.712305
1184	0.940449969	2.713708
1185	0.947153192	2.714033
1186	0.936397032	2.721116
1187	0.938892107	2.721729
1188	0.93765586	2.722704
1189	0.945236611	2.722891
1190	0.930078212	2.72327
1191	0.939994215	2.723297
1192	0.942255615	2.723502
1193	0.940648324	2.723603
1194	0.930344456	2.723955
1195	0.939986985	2.724561
1196	0.942068202	2.72481
1197	0.936886654	2.724051
1198	0.935605533	2.723809
1199	0.94111196	2.723728
1200	1.052575364	2.342426
1201	1.06081914	2.299065
1202	1.056462838	2.296186
1203	1.058235881	2.296012
1204	1.061521329	2.296007
1205	1.060811773	2.295158
1206	1.054766734	2.29231
1207	1.062621632	2.29485
1208	1.06320039	2.294288
1209	1.058331197	2.291585
1210	1.060500605	2.29206
1211	1.06359275	2.293252
1212	1.061554526	2.291997
1213	1.06315599	2.286044
1214	1.061384873	2.285276
1215	1.069290366	2.288433
1216	1.068598422	2.287766
1217	1.065317381	2.286599
1218	1.064374632	2.286048
1219	1.069492507	2.287951
1220	0.954459325	2.655671
1221	0.945147418	2.707191
1222	0.944327928	2.708326
1223	0.948539777	2.702164
1224	0.947764377	2.703254
1225	0.950419522	2.703924
1226	0.948504437	2.704328
1227	0.94637566	2.704316
1228	0.945855574	2.704747
1229	0.950654645	2.705361
1230	0.947886415	2.702678
1231	0.945678435	2.702643
1232	0.94944626	2.702704
1233	0.953957127	2.710083
1234	0.947982009	2.710016
1235	0.938164085	2.704361
1236	0.947633553	2.70467
1237	0.952617046	2.705239
1238	0.949067242	2.705732
1239	0.940554203	2.704726
1240	1.072661869	2.289753
1241	1.078335516	2.232856
1242	1.051948343	2.213287
1243	1.007328272	2.189904
1244	0.993061571	2.13282
1245	1.021464121	2.131172
1246	1.037800746	2.139381
1247	1.045075062	2.14326
1248	1.010934974	2.123639
1249	1.026035439	2.13156
1250	1.033781475	2.13833
1251	1.04382172	2.144138
1252	1.012541595	2.125934
1253	1.016606796	2.128307
1254	1.033426528	2.137676
1255	1.045547184	2.149667
1256	1.005192122	2.126888
1257	1.013470365	2.126357
1258	1.029676941	2.135861
1259	1.045325377	2.145745
1260	0.884520173	2.547075
1261	0.882882909	2.619127
1262	0.929778162	2.628559
1263	0.991633599	2.642566
1264	0.965784973	2.691587
1265	0.936758815	2.707257
1266	0.941181545	2.707691
1267	0.959052688	2.709121
1268	0.956365623	2.709495
1269	0.931909591	2.708098
1270	0.944215559	2.705123
1271	0.960657083	2.705583
1272	0.95341975	2.706134
1273	0.946940344	2.705368
1274	0.946303839	2.705999
1275	0.959454791	2.706416
1276	0.965817032	2.706375
1277	0.953849901	2.711804
1278	0.945138646	2.711836
1279	0.966344025	2.711985
1280	1.03319935	2.508333
1281	1.030350656	2.471352
1282	1.019248959	2.471213
1283	1.036482136	2.473119
1284	1.036227251	2.472728
1285	1.030487939	2.471697
1286	1.023053018	2.467731
1287	1.029645708	2.468221
1288	1.033410797	2.468984
1289	1.041687978	2.472908
1290	1.021066388	2.470744
1291	1.028888009	2.472426
1292	1.036462795	2.474338
1293	1.028243891	2.472667
1294	1.020564969	2.470505
1295	1.032705147	2.470628
1296	1.028468894	2.469071
1297	1.032249781	2.47005
1298	1.021547804	2.467119
1299	1.025491262	2.46681
1300	1.034458822	2.438317
1301	1.033765733	2.427624
1302	1.025375957	2.424291
1303	1.024033788	2.419506
1304	1.03478118	2.421964
1305	1.041975763	2.425735
1306	1.032085878	2.423077
1307	1.024964856	2.420803
1308	1.033463235	2.423328
1309	1.038322777	2.424127
1310	1.033940668	2.423118
1311	1.025940684	2.419547
1312	1.033068331	2.421688
1313	1.037966469	2.423199
1314	1.034726856	2.422327
1315	1.026176744	2.422057
1316	1.033650308	2.42492
1317	1.030331544	2.423906
1318	1.035691523	2.423405
1319	1.024968295	2.421553
1320	0.956970772	2.653933
1321	0.958178864	2.704295
1322	0.955523583	2.706438
1323	0.943176328	2.709522
1324	0.951277764	2.71073
1325	0.952410643	2.711141
1326	0.948008484	2.712817
1327	0.941532525	2.709093
1328	0.947307383	2.709271
1329	0.953059852	2.710185
1330	0.951774179	2.71027
1331	0.939645826	2.709183
1332	0.945953687	2.709313
1333	0.951963991	2.709713
1334	0.952133105	2.709428
1335	0.939505675	2.707921
1336	0.942920151	2.707797
1337	0.953030121	2.70775
1338	0.953486703	2.7099
1339	0.935771751	2.709646
1340	1.026833806	2.425984
1341	1.044492652	2.400155
1342	1.043156993	2.39875
1343	1.034402781	2.396401
1344	1.02923291	2.394289
1345	1.040339992	2.39754
1346	1.046614604	2.40025
1347	1.036818072	2.400969
1348	1.030632211	2.398725
1349	1.038141065	2.400731
1350	1.042638986	2.401949
1351	1.037735529	2.40271
1352	1.030536604	2.400049
1353	1.038262788	2.402175
1354	1.041304511	2.403301
1355	1.036819831	2.403659
1356	1.031761712	2.402101
1357	1.037198241	2.403937
1358	1.038831204	2.404343
1359	1.037059165	2.403746
1360	1.023556885	2.441652
1361	1.026373257	2.431781
1362	1.03319935	2.43416
1363	1.021969843	2.433284
1364	1.02220921	2.433379
1365	1.030065783	2.435954
1366	1.022869761	2.434252
1367	1.019476847	2.431733
1368	1.023728382	2.432942
1369	1.020977665	2.432301
1370	1.020302517	2.432173
1371	1.020423501	2.432285
1372	1.017295692	2.431852
1373	1.018565906	2.432259
1374	1.02063657	2.433161
1375	1.016339614	2.431975
1376	1.015733057	2.431924
1377	1.018116135	2.43301
1378	1.020899193	2.434405
1379	1.016618637	2.433291
1380	0.936320979	2.673888
1381	0.934660929	2.720474
1382	0.934838255	2.721488
1383	0.933721085	2.72211
1384	0.934739573	2.721678
1385	0.930901512	2.722247
1386	0.935293316	2.722443
1387	0.936374071	2.724148
1388	0.93252118	2.724596
1389	0.931337132	2.724927
1390	0.938596437	2.724397
1391	0.937755158	2.72119
1392	0.938626717	2.721331
1393	0.933718231	2.721071
1394	0.938097826	2.721029
1395	0.941562995	2.721033
1396	0.937638593	2.720881
1397	0.931190934	2.713481
1398	0.936325283	2.713175
1399	0.945681363	2.71324
1400	1.007070924	2.496651
1401	1.000612486	2.44438
1402	1.007884926	2.445112
1403	1.013838649	2.446091
1404	1.013152746	2.446344
1405	0.998599346	2.441337
1406	1.007079223	2.443348
1407	1.01375286	2.445477
1408	1.011870851	2.44461
1409	0.998023554	2.440423
1410	1.007281773	2.44361
1411	1.014227403	2.447041
1412	1.006135616	2.444436
1413	1.001663975	2.443547
1414	1.005551103	2.444497
1415	1.006697587	2.444427
1416	1.010356568	2.445586
1417	1.000515814	2.449487
1418	1.001232286	2.447857
1419	1.006299666	2.449233
1420	1.003900589	2.466333
1421	0.997297015	2.47421
1422	0.999301634	2.474668
1423	1.014459788	2.478145
1424	1.001233927	2.474977
1425	0.999571379	2.473158
1426	1.005940151	2.474575
1427	1.012249713	2.476044
1428	1.003191825	2.474077
1429	1.006601394	2.473084
1430	1.001565458	2.471355
1431	1.010085981	2.474745
1432	1.013463641	2.475724
1433	1.003964922	2.472167
1434	1.008605335	2.469732
1435	1.018141583	2.472457
1436	1.011957998	2.47052
1437	1.009130067	2.469649
1438	1.012781602	2.472493
1439	1.016559437	2.473268
1440	1.010751016	2.474738
1441	1.007993005	2.485026
1442	1.012066952	2.48551
1443	1.006032904	2.484354
1444	1.010953374	2.485415
1445	1.012390601	2.487551
1446	1.008200914	2.486897
1447	1.007278452	2.486958
1448	1.014538958	2.488317
1449	1.016331161	2.490274
1450	1.013793229	2.489923
1451	1.019584023	2.491141
1452	1.010179501	2.488808
1453	1.022284463	2.490327
1454	1.013413212	2.490897
1455	1.018119528	2.491804
1456	1.020142386	2.492686
1457	1.028283692	2.492171
1458	1.01461814	2.488621
1459	1.020696245	2.488999
1460	1.041364853	2.458801
1461	1.041547696	2.448836
1462	1.02833388	2.445954
1463	1.039950436	2.448599
1464	1.043308398	2.449463
1465	1.037497644	2.448089
1466	1.028678409	2.44145
1467	1.047048642	2.446157
1468	1.04274219	2.445207
1469	1.034921398	2.441514
1470	1.029796687	2.440205
1471	1.037062685	2.442384
1472	1.041590309	2.442574
1473	1.035995327	2.443401
1474	1.023821014	2.441063
1475	1.039113879	2.440294
1476	1.039140388	2.440124
1477	1.031693768	2.440538
1478	1.027761331	2.436942
1479	1.042907715	2.441063
1480	0.960841389	2.661649
1481	0.955774694	2.703648
1482	0.955641648	2.704408
1483	0.960125712	2.706016
1484	0.954911307	2.704713
1485	0.96595598	2.704263
1486	0.958911204	2.708991
1487	0.957588694	2.701782
1488	0.960273592	2.701394
