1	0.58634483	7.417828
2	0.516023227	7.43419
3	0.502923482	7.422496
4	0.751877782	7.411115
5	0.711935364	7.403429
6	0.670407897	7.401913
7	0.641308355	7.401681
8	0.753042384	7.435692
9	0.724092216	7.433425
10	0.699568187	7.433646
11	0.678597544	7.434355
12	0.749386701	7.429471
13	0.731838545	7.43148
14	0.713414235	7.431336
15	0.696006246	7.430442
16	0.749089739	7.343603
17	0.734904322	7.306626
18	0.720270088	7.275093
19	0.707043892	7.244401
20	0.748399412	7.177077
21	0.743913017	7.174617
22	0.745904572	7.175759
23	0.744587568	7.174884
24	0.748320408	7.179367
25	0.74663461	7.183026
26	0.746079397	7.183999
27	0.74786327	7.185802
28	0.746120322	7.172448
29	0.748434666	7.174949
30	0.747490806	7.173926
31	0.747523549	7.172829
32	0.746647918	7.174581
33	0.747540224	7.174506
34	0.747484137	7.175435
35	0.748056624	7.177643
36	0.746087249	7.240435
37	0.747888154	7.274216
38	0.757267137	7.308058
39	0.757363758	7.340501
40	0.746848513	7.426892
41	0.749113335	7.427938
42	0.756657794	7.427393
43	0.757768092	7.43008
44	0.748742211	7.429261
45	0.747677901	7.428973
46	0.766844779	7.431148
47	0.764590568	7.433005
48	0.74961941	7.436159
49	0.74835459	7.436446
50	0.766365372	7.439599
51	0.765685317	7.441638
52	0.750421051	7.445186
53	0.74912049	7.445556
54	0.766019781	7.446626
55	0.766043978	7.446068
56	0.751669419	7.456002
57	0.749487417	7.459817
58	0.758011959	7.460783
59	0.756519275	7.461527
60	0.752245574	7.464483
61	0.750690634	7.465768
62	0.761833253	7.464617
63	0.761469241	7.465186
64	0.752089483	7.47007
65	0.751160726	7.469004
66	0.752803394	7.468964
67	0.755175693	7.469289
68	0.754781075	7.46865
69	0.752747129	7.466832
70	0.757930289	7.465075
71	0.75910482	7.462906
72	0.757241158	7.45783
73	0.758542152	7.456724
74	0.765397707	7.454266
75	0.767004342	7.452277
76	0.762895325	7.451026
77	0.769683071	7.447708
78	0.772423143	7.446105
79	0.777348817	7.445808
80	0.774963435	7.445503
81	0.778697018	7.445312
82	0.781792816	7.445761
83	0.787539437	7.444137
84	0.786103132	7.441625
85	0.793197201	7.442932
86	0.798463875	7.441936
87	0.801961266	7.440888
88	0.803053046	7.44174
89	0.813928789	7.441552
90	0.811148325	7.442887
91	0.818140495	7.445909
92	0.82043508	7.452273
93	0.828075887	7.453838
94	0.827675944	7.454151
95	0.833608666	7.456793
96	0.837386253	7.456067
97	0.837948569	7.456421
98	0.842649112	7.456958
99	0.848038433	7.45654
100	0.848524316	7.455372
101	0.850893159	7.455215
102	0.854234697	7.458711
103	0.856877323	7.459116
104	0.859053192	7.458083
105	0.861360085	7.457935
106	0.861463957	7.457178
107	0.865077564	7.455416
108	0.86646743	7.452415
109	0.863615661	7.451846
110	0.870107409	7.448856
111	0.869904123	7.446665
112	0.871115793	7.441098
113	0.872543113	7.438673
114	0.874515252	7.438118
115	0.871648275	7.436978
116	0.873592971	7.434818
117	0.877474462	7.435059
118	0.876413802	7.434764
119	0.874090761	7.436209
120	0.876583869	7.434477
121	0.87907279	7.435259
122	0.875837191	7.431028
123	0.876431514	7.428427
124	0.877429346	7.426787
125	0.876581993	7.42565
126	0.874140716	7.424755
127	0.875157022	7.426353
128	0.873958749	7.428695
129	0.875653269	7.428682
130	0.870891872	7.429204
131	0.87247682	7.428614
132	0.872870393	7.428692
133	0.867995011	7.429257
134	0.863263744	7.428586
135	0.869369259	7.427128
136	0.866763874	7.427726
137	0.862441701	7.425651
138	0.860906844	7.424477
139	0.864663806	7.421749
140	0.861223841	7.420347
141	0.861602492	7.418966
142	0.857115818	7.41764
143	0.858787407	7.420518
144	0.859667449	7.419975
145	0.858925883	7.419937
146	0.853240701	7.420516
147	0.856620845	7.420284
148	0.85748109	7.419965
149	0.855943152	7.421691
150	0.850489127	7.421827
151	0.861341367	7.420339
152	0.866210879	7.422351
153	0.862925244	7.423511
154	0.849918874	7.424702
155	0.861268513	7.425225
156	0.866519369	7.426796
157	0.861672783	7.429901
158	0.848010535	7.432337
159	0.859808415	7.433882
160	0.865259711	7.437532
161	0.859557395	7.439496
162	0.847214934	7.441201
163	0.859709353	7.442879
164	0.862976356	7.445061
165	0.858471601	7.446875
166	0.846574979	7.448981
167	0.858916076	7.449386
168	0.861988531	7.449535
169	0.857746666	7.449588
170	0.846173093	7.450443
171	0.852534035	7.453426
172	0.849017209	7.454303
173	0.849465649	7.454262
174	0.847675507	7.456349
175	0.850070775	7.455823
176	0.849681233	7.455509
177	0.850488734	7.455202
178	0.847926655	7.453742
179	0.85237455	7.449925
180	0.849879094	7.447048
181	0.848808999	7.445265
182	0.850601581	7.446515
183	0.853251959	7.444189
184	0.854797279	7.440944
185	0.854797477	7.439798
186	0.849371108	7.436575
187	0.841864304	7.431239
188	0.847832262	7.427863
189	0.864854301	7.429572
190	0.862971507	7.429408
191	0.841608279	7.427605
192	0.849728437	7.426856
193	0.866036063	7.426992
194	0.862261142	7.425576
195	0.844103265	7.427854
196	0.849050063	7.429942
197	0.869248508	7.404515
198	0.872401864	7.357622
199	0.856040354	7.31258
200	0.880461758	7.20077
201	0.907353746	7.147002
202	0.903029017	7.115655
203	0.88792424	7.071636
204	0.901882989	6.994465
205	0.929814945	6.95023
206	0.943101275	6.920627
207	0.93058206	6.886634
208	0.936156996	6.814441
209	0.947045459	6.76289
210	0.956800378	6.733103
211	0.960843443	6.703648
212	0.963714967	6.630923
213	0.97195448	6.58536
214	0.983222154	6.558139
215	0.987101259	6.527581
216	0.990736746	6.457075
217	0.995071546	6.431773
218	0.998592924	6.440297
219	1	6.447714
220	0.986897237	6.466238
221	0.982948956	6.468099
222	0.994720317	6.468591
223	0.994975121	6.469525
224	0.988221183	6.467945
225	0.988887938	6.468304
226	0.98364851	6.467614
227	0.989233201	6.468368
228	0.987857829	6.467602
229	0.988477174	6.468592
230	0.981896389	6.468032
231	0.988210586	6.469063
232	0.986132639	6.469209
233	0.98826119	6.467443
234	0.982614875	6.468167
235	0.986179337	6.467808
236	0.984956379	6.468255
237	0.988266224	6.467263
238	0.981935362	6.46742
239	0.984033991	6.467013
240	0.982464286	6.462873
241	0.983461655	6.457932
242	0.950743877	6.456495
243	0.924109991	6.45678
244	0.902318345	6.457315
245	0.935350285	6.460284
246	0.936800795	6.46516
247	0.946494671	6.468034
248	0.904224095	6.467815
249	0.929582104	6.467395
250	0.934579321	6.467358
251	0.944700856	6.4678
252	0.902648895	6.467337
253	0.925353194	6.46707
254	0.929589371	6.467441
255	0.946278908	6.466857
256	0.903776485	6.467049
257	0.920974784	6.468245
258	0.926707602	6.467013
259	0.943472529	6.468518
260	0.902890995	6.471834
261	0.920907369	6.478466
262	0.952825182	6.478376
263	0.998739569	6.478028
264	0.976579472	6.476995
265	0.974955559	6.401765
266	0.98183519	6.39222
267	0.985243334	6.402877
268	0.983102579	6.409829
269	0.968713865	6.423005
270	0.971847622	6.430885
271	0.97185454	6.433328
272	0.974367975	6.436694
273	0.964098849	6.439878
274	0.965775068	6.43944
275	0.962333462	6.440073
276	0.968197605	6.439222
277	0.961422096	6.438151
278	0.964887988	6.439379
279	0.96262649	6.437072
280	0.962425422	6.438404
281	0.959374261	6.437553
282	0.960004896	6.438012
283	0.958671896	6.436966
284	0.958477212	6.43832
285	0.939727093	6.51083
286	0.935709523	6.518696
287	0.941139795	6.502827
288	0.941722137	6.49595
289	0.942141908	6.481761
290	0.939666486	6.474306
291	0.946277451	6.470254
292	0.942915758	6.466229
293	0.942043912	6.464439
294	0.941133788	6.462933
295	0.946827986	6.463261
296	0.941689899	6.462999
297	0.943030581	6.464212
298	0.936817699	6.463829
299	0.940719956	6.464939
300	0.941703612	6.464542
301	0.940820798	6.464091
302	0.935166144	6.463795
303	0.94073412	6.464962
304	0.940135735	6.463931
305	0.942831587	6.464504
306	0.933945669	6.463183
307	0.941646599	6.464957
308	0.936761514	6.464229
309	0.939784353	6.463798
310	0.932707134	6.463046
311	0.93869401	6.464008
312	0.938862805	6.465254
313	0.938249363	6.46429
314	0.933798508	6.46443
315	0.93749698	6.464295
316	0.935877245	6.465241
317	0.935189158	6.46355
318	0.931316086	6.463507
319	0.935272681	6.46313
320	0.933705787	6.463446
321	0.932782661	6.46362
322	0.951466841	6.460668
323	0.935694559	6.463426
324	0.944587562	6.435564
325	0.905792338	6.458282
326	0.939785791	6.465704
327	0.94548595	6.472649
328	0.948866516	6.473442
329	0.906238829	6.473719
330	0.935601224	6.473124
331	0.945238408	6.473107
332	0.943757806	6.471783
333	0.909498693	6.472718
334	0.932371423	6.472793
335	0.942048245	6.472447
336	0.943839	6.472883
337	0.90716528	6.473953
338	0.930548936	6.473103
339	0.942399877	6.473959
340	0.940500338	6.473219
341	0.906058621	6.474163
342	0.910154201	6.47703
343	0.936746516	6.472968
344	0.92613018	6.501948
345	0.925057343	6.479889
346	0.918379194	6.472855
347	0.921835483	6.464987
348	0.921182154	6.464468
349	0.92382327	6.463813
350	0.918626373	6.465652
351	0.917026874	6.465056
352	0.920047713	6.466093
353	0.916002327	6.464647
354	0.916071986	6.465469
355	0.91583164	6.466061
356	0.914276317	6.465162
357	0.914037366	6.465622
358	0.9135132	6.465453
359	0.913097285	6.465626
360	0.917536353	6.465855
361	0.915608477	6.464971
362	0.90681513	6.465487
363	0.910294453	6.465761
364	0.916367128	6.466015
365	0.912578489	6.465223
366	0.905036646	6.465241
367	0.907471242	6.464816
368	0.912411334	6.465198
369	0.911698225	6.466565
370	0.905180215	6.465556
371	0.908753385	6.464967
372	0.910348408	6.465341
373	0.913161752	6.465132
374	0.902290295	6.465008
375	0.907515925	6.4643
376	0.913197269	6.464623
377	0.91224424	6.464668
378	0.902506349	6.465717
379	0.90718649	6.464042
380	0.908230784	6.46419
381	0.907717501	6.465243
382	0.905660813	6.465294
383	0.907446668	6.464595
384	0.906973992	6.463933
385	0.909660293	6.464556
386	0.905123759	6.463922
387	0.909622357	6.465098
388	0.911228544	6.465505
389	0.908347164	6.465048
390	0.902798783	6.464905
391	0.907843587	6.464766
392	0.909978498	6.464199
393	0.907481742	6.465882
394	0.901744656	6.464517
395	0.907667434	6.465687
396	0.906839223	6.465253
397	0.907282951	6.46488
398	0.900568659	6.465002
399	0.904781845	6.465382
400	0.905912102	6.465313
401	0.905887835	6.464046
402	0.897544782	6.464372
403	0.907038043	6.465051
404	0.906069534	6.465481
405	0.904414669	6.465445
406	0.896096426	6.465519
407	0.903707354	6.465129
408	0.901819664	6.463979
409	0.904589118	6.463676
410	0.89685624	6.463817
411	0.903865794	6.464952
412	0.903498918	6.464902
413	0.903974851	6.464297
414	0.897326072	6.46561
415	0.904209234	6.46404
416	0.903632917	6.464017
417	0.902963982	6.464868
418	0.901047456	6.46425
419	0.90456581	6.465609
420	0.905809477	6.465772
421	0.906853501	6.465127
422	0.899652332	6.465071
423	0.901064856	6.465349
424	0.905767187	6.464646
425	0.903995025	6.464141
426	0.899819238	6.464872
427	0.900535878	6.465149
428	0.903702037	6.465054
429	0.90123515	6.465588
430	0.897574068	6.465303
431	0.898474995	6.465317
432	0.901826724	6.465113
433	0.90098689	6.464534
434	0.89639453	6.464336
435	0.897200925	6.465308
436	0.897361897	6.444543
437	0.893413296	6.444368
438	0.883593139	6.444262
439	0.874226752	6.443202
440	0.867977638	6.442803
441	0.867095806	6.456751
442	0.865430758	6.460893
443	0.864652448	6.466489
444	0.862262352	6.467765
445	0.864810879	6.467917
446	0.864206272	6.466872
447	0.864095661	6.445516
448	0.850213121	6.447148
449	0.839631643	6.45317
450	0.929953111	6.464029
451	0.870394429	6.467086
452	0.858929285	6.468726
453	0.858137447	6.469202
454	0.928621255	6.46837
455	0.867520062	6.468027
456	0.862130864	6.490242
457	0.865760247	6.489827
458	0.936302523	6.488232
459	0.888854755	6.489681
460	0.887017442	6.48982
461	0.885990242	6.47642
462	0.952814346	6.472347
463	0.895572611	6.466461
464	0.889134762	6.466546
465	0.88622434	6.466204
466	0.953016591	6.466818
467	0.894071837	6.487054
468	0.900308012	6.485615
469	0.910962141	6.47925
470	0.888079119	6.470445
471	0.888337015	6.466364
472	0.888672395	6.4651
473	0.890855544	6.465319
474	0.888249891	6.465517
475	0.888707104	6.466431
476	0.891652216	6.466443
477	0.888443855	6.465472
478	0.886177042	6.465712
479	0.888706676	6.464649
480	0.890679034	6.465212
481	0.892010179	6.466321
482	0.887659316	6.465636
483	0.890064808	6.465717
484	0.890395688	6.465765
485	0.893992908	6.465317
486	0.886544055	6.46584
487	0.890110803	6.465434
488	0.890958254	6.465963
489	0.892213995	6.466244
490	0.879976643	6.435566
491	0.870729971	6.444169
492	0.848402451	6.439069
493	0.823894287	6.442448
494	0.767852415	6.459168
495	0.795758688	6.470047
496	0.796486871	6.468834
497	0.807242815	6.470058
498	0.73906747	6.469136
499	0.768514376	6.470071
500	0.76936194	6.470824
501	0.774622256	6.470362
502	0.709926237	6.471186
503	0.739448938	6.471047
504	0.739470299	6.471059
505	0.744278015	6.471155
506	0.679651176	6.471201
507	0.709805801	6.472426
508	0.711356128	6.471746
509	0.716886622	6.470308
510	0.654032489	6.511403
511	0.696338365	6.499433
512	0.72584712	6.503692
513	0.756405639	6.502989
514	0.746166991	6.478156
515	0.746296155	6.465593
516	0.746940374	6.466222
517	0.745285794	6.466149
518	0.74809731	6.4675
519	0.74479759	6.467229
520	0.747671684	6.466052
521	0.747074954	6.466246
522	0.750843391	6.465869
523	0.747500356	6.465757
524	0.74986828	6.465997
525	0.746844427	6.466421
526	0.753661632	6.466574
527	0.748361275	6.466166
528	0.746191763	6.465669
529	0.744431632	6.466359
530	0.752639235	6.467287
531	0.747142792	6.464967
532	0.742968091	6.465985
533	0.740104566	6.460117
534	0.741754405	6.466373
535	0.738564882	6.466548
536	0.737400192	6.466921
537	0.734520062	6.466228
538	0.735922413	6.466853
539	0.734589152	6.467288
540	0.732477685	6.466566
541	0.729436121	6.467343
542	0.729680434	6.466535
543	0.727524245	6.468088
544	0.7264409	6.466166
545	0.724803248	6.466032
546	0.722882659	6.466498
547	0.721228112	6.466171
548	0.722386263	6.467391
549	0.72404912	6.467438
550	0.724123367	6.465112
551	0.719199945	6.46792
552	0.722393058	6.465711
553	0.721320554	6.46539
554	0.721505933	6.467003
555	0.719196718	6.466261
556	0.72026854	6.466696
557	0.719654736	6.467303
558	0.723782128	6.466668
559	0.719071012	6.465748
560	0.721887013	6.466939
561	0.72207042	6.465329
562	0.724652639	6.450486
563	0.715262431	6.436056
564	0.71496596	6.43712
565	0.709005348	6.436896
566	0.708873364	6.436379
567	0.699740294	6.439106
568	0.702041704	6.454867
569	0.694956623	6.461642
570	0.698921418	6.466576
571	0.699247041	6.464965
572	0.700942621	6.464781
573	0.697143285	6.465804
574	0.699932155	6.465741
575	0.698716734	6.466699
576	0.703133509	6.465099
577	0.698014168	6.464764
578	0.698208522	6.464447
579	0.699872353	6.466325
580	0.699557699	6.46568
581	0.696483092	6.464988
582	0.696850312	6.482147
583	0.704903007	6.495246
584	0.707605257	6.495591
585	0.710557518	6.495786
586	0.717640286	6.495113
587	0.723676551	6.491939
588	0.722971413	6.475725
589	0.72306487	6.470376
590	0.725678933	6.46646
591	0.723424457	6.46702
592	0.722351722	6.46809
593	0.719875107	6.467136
594	0.725243466	6.465427
595	0.723575693	6.467067
596	0.717855371	6.467013
597	0.718929926	6.467064
598	0.726401962	6.466512
599	0.719777694	6.465964
600	0.717297451	6.466759
601	0.717392379	6.467518
602	0.725041758	6.466992
603	0.717531326	6.466123
604	0.717880395	6.466522
605	0.718229945	6.466726
606	0.721667528	6.465695
607	0.716941558	6.466611
608	0.717012262	6.467621
609	0.718290966	6.466348
610	0.72125055	6.466158
611	0.718657168	6.466372
612	0.717226272	6.466084
613	0.721402854	6.466633
614	0.722061651	6.467353
615	0.719030476	6.466723
616	0.720953607	6.467744
617	0.722984175	6.467862
618	0.722763172	6.468111
619	0.721115097	6.466796
620	0.72348679	6.467163
621	0.729625984	6.466893
622	0.723351205	6.466664
623	0.722816036	6.468152
624	0.722722219	6.467202
625	0.728644383	6.46696
626	0.724356305	6.467599
627	0.72165665	6.46665
628	0.722847361	6.467483
629	0.729594213	6.466296
630	0.724158647	6.466941
631	0.722368142	6.466369
632	0.727718716	6.466312
633	0.7311238	6.467446
634	0.723878638	6.467531
635	0.722649109	6.46672
636	0.728874907	6.465471
637	0.733549197	6.464818
638	0.723525132	6.46525
639	0.72446564	6.466359
640	0.72833499	6.466387
641	0.72902396	6.466895
642	0.72435175	6.465776
643	0.726580223	6.465901
644	0.730076564	6.466215
645	0.729927513	6.465948
646	0.724783439	6.467078
647	0.729763642	6.467092
648	0.732383089	6.465481
649	0.728342906	6.467074
650	0.726608868	6.465864
651	0.730987078	6.466426
652	0.730158126	6.467357
653	0.728932561	6.466704
654	0.727316817	6.466345
655	0.72983791	6.465401
656	0.731086244	6.467656
657	0.727784521	6.467522
658	0.727252819	6.467625
659	0.732394876	6.46788
660	0.730929099	6.466138
661	0.729071688	6.466256
662	0.727587573	6.467881
663	0.728439196	6.466898
664	0.729120142	6.467384
665	0.726500746	6.467785
666	0.725237188	6.467716
667	0.727039953	6.466656
668	0.725686076	6.467001
669	0.72535364	6.466446
670	0.723127992	6.46855
671	0.723314159	6.468457
672	0.720763579	6.466499
673	0.739331624	6.467342
674	0.729977961	6.466641
675	0.73061255	6.467676
676	0.716485314	6.466584
677	0.736355504	6.467326
678	0.728632861	6.466831
679	0.724527013	6.467348
680	0.715094119	6.467397
681	0.732174045	6.468126
682	0.72652022	6.467644
683	0.724648508	6.467723
684	0.714482728	6.467704
685	0.732546391	6.466465
686	0.726621472	6.466401
687	0.721850824	6.467637
688	0.714499623	6.467236
689	0.733626135	6.46825
690	0.725647076	6.466775
691	0.724255684	6.466058
692	0.716371831	6.467152
693	0.715377368	6.466031
694	0.716764788	6.466903
695	0.716957454	6.466436
696	0.71652055	6.467207
697	0.714941277	6.466356
698	0.715635415	6.466765
699	0.715971656	6.465567
700	0.715888227	6.46632
701	0.714271597	6.465852
702	0.716404271	6.466718
703	0.71556526	6.467572
704	0.717395171	6.466003
705	0.71400651	6.46644
706	0.719478171	6.467094
707	0.71788417	6.466472
708	0.720877753	6.466193
709	0.714996054	6.465719
710	0.721540252	6.46668
711	0.720610418	6.466828
712	0.720793599	6.46687
713	0.716109218	6.467418
714	0.721097463	6.467499
715	0.719512719	6.467032
716	0.721345256	6.467024
717	0.717000686	6.468132
718	0.719391957	6.466538
719	0.721308133	6.467404
720	0.721395089	6.466593
721	0.716230272	6.466704
722	0.716992318	6.466326
723	0.722105783	6.46509
724	0.718008622	6.467153
725	0.71436434	6.45728
726	0.691883408	6.456248
727	0.656640861	6.458332
728	0.638063565	6.455308
729	0.671712628	6.456207
730	0.675519658	6.464485
731	0.661958798	6.465349
732	0.656949813	6.465467
733	0.670606578	6.465414
734	0.677009218	6.464418
735	0.663410938	6.465509
736	0.65795674	6.464685
737	0.673559868	6.465323
738	0.679558832	6.466336
739	0.663217453	6.465275
740	0.658212392	6.465507
741	0.675579332	6.465528
742	0.68425028	6.465749
743	0.663448431	6.46694
744	0.662983654	6.464364
745	0.678901124	6.475682
746	0.708383219	6.47615
747	0.728100206	6.473569
748	0.738881844	6.476304
749	0.719632678	6.476397
750	0.723187436	6.46735
751	0.71872765	6.467225
752	0.718942686	6.46709
753	0.718852675	6.466241
754	0.72080713	6.466765
755	0.71913414	6.466776
756	0.717866834	6.466581
757	0.713952852	6.465194
758	0.719324573	6.466816
759	0.716779284	6.466662
760	0.717157898	6.466495
761	0.71379179	6.466747
762	0.71436434	6.466461
763	0.714611129	6.465739
764	0.712258227	6.466834
765	0.710603406	6.466713
766	0.709231252	6.466059
767	0.710779753	6.465457
768	0.710457133	6.466635
769	0.708777816	6.465132
770	0.706145747	6.467168
771	0.708570996	6.467052
772	0.709120056	6.46685
773	0.7085236	6.465626
774	0.705711512	6.465982
775	0.706045523	6.466476
776	0.710008282	6.467395
777	0.71532281	6.468128
778	0.706723028	6.465609
779	0.709391355	6.46636
780	0.715002156	6.46749
781	0.71603285	6.466569
782	0.709659857	6.465673
783	0.713358044	6.467399
784	0.717983309	6.467255
785	0.7192485	6.465999
786	0.713699471	6.465833
787	0.71647097	6.467326
788	0.722189112	6.465621
789	0.72394574	6.466326
790	0.718344857	6.465238
791	0.720173272	6.465286
792	0.727052286	6.464999
793	0.725860413	6.467416
794	0.720933585	6.466957
795	0.724414955	6.466982
796	0.728023847	6.466261
797	0.725306826	6.465544
798	0.723947304	6.465969
799	0.725648219	6.465634
800	0.72865677	6.465307
801	0.727908836	6.466988
802	0.726646538	6.466845
803	0.72795613	6.465008
804	0.731723198	6.466177
805	0.73039974	6.466451
806	0.730836351	6.465943
807	0.732112824	6.466316
808	0.733269027	6.467595
809	0.731533839	6.466774
810	0.730495996	6.467784
811	0.731981982	6.466134
812	0.733226145	6.466577
813	0.732031115	6.465715
814	0.730801287	6.466576
815	0.73730786	6.466403
816	0.734250558	6.46543
817	0.728975374	6.466462
818	0.73265763	6.466682
819	0.736652612	6.46736
820	0.729016463	6.467701
821	0.728893499	6.465475
822	0.731188337	6.466414
823	0.733925866	6.466788
824	0.728447833	6.46608
825	0.727047697	6.466944
826	0.728237145	6.466019
827	0.73156636	6.46578
828	0.727742135	6.465256
829	0.726450062	6.466844
830	0.728188952	6.464609
831	0.733025366	6.465878
832	0.729765376	6.467076
833	0.727701621	6.465831
834	0.730974467	6.466414
835	0.730255621	6.466201
836	0.731400301	6.467678
837	0.73045749	6.466386
838	0.731617615	6.467541
839	0.733680892	6.465513
840	0.73675818	6.466053
841	0.734544798	6.466087
842	0.735179877	6.46708
843	0.739609768	6.467177
844	0.739854263	6.466696
845	0.74365188	6.466076
846	0.742669909	6.468248
847	0.745814172	6.466695
848	0.746830204	6.467402
849	0.750035201	6.466957
850	0.751287184	6.467186
851	0.753689678	6.467063
852	0.752951169	6.467117
853	0.758916025	6.468034
854	0.756632323	6.467337
855	0.758888683	6.466978
856	0.757846922	6.466427
857	0.763912865	6.466561
858	0.760051144	6.466425
859	0.762552855	6.467206
860	0.760922384	6.46705
861	0.765723013	6.467081
862	0.762083683	6.466434
863	0.762128273	6.466056
864	0.760668007	6.465855
865	0.762278313	6.467572
866	0.758177691	6.466201
867	0.759879735	6.467618
868	0.759003847	6.465729
869	0.760168228	6.466777
870	0.75531109	6.467271
871	0.75503354	6.466683
872	0.75488	6.466359
873	0.755916405	6.465515
874	0.751980243	6.465773
875	0.751928549	6.466248
876	0.751886831	6.466531
877	0.752559333	6.466852
878	0.750275643	6.46592
879	0.750633767	6.467571
880	0.750633767	6.465908
881	0.751959841	6.467355
882	0.748505183	6.466981
883	0.750603044	6.466486
884	0.753427947	6.467683
885	0.751561527	6.466396
886	0.749641972	6.467078
887	0.752395279	6.465526
888	0.752978546	6.466912
889	0.752592828	6.467163
890	0.752538745	6.467522
891	0.7555636	6.466956
892	0.755357368	6.467098
893	0.757801118	6.468258
894	0.757568129	6.46701
895	0.758926182	6.466495
896	0.76220959	6.466783
897	0.764153893	6.466213
898	0.762669292	6.467798
899	0.764926298	6.465919
900	0.766596949	6.467531
901	0.766528721	6.466315
902	0.769341868	6.465949
903	0.768997278	6.467208
904	0.767407055	6.466551
905	0.770543525	6.466595
906	0.771878062	6.466317
907	0.770969152	6.467855
908	0.770342559	6.466925
909	0.770357853	6.466737
910	0.769530103	6.46596
911	0.769784816	6.466978
912	0.767567971	6.46694
913	0.763428104	6.466114
914	0.769763918	6.467344
915	0.763097636	6.467424
916	0.756743385	6.466759
917	0.754351053	6.468165
918	0.759797819	6.467235
919	0.756241456	6.467614
920	0.751337412	6.466784
921	0.745710518	6.46779
922	0.752751587	6.467606
923	0.746839282	6.467685
924	0.746743361	6.466889
925	0.738393265	6.467334
926	0.746376999	6.466823
927	0.740664163	6.466673
928	0.738142344	6.467719
929	0.732803573	6.465855
930	0.740651216	6.466817
931	0.733839515	6.468239
932	0.733855001	6.466387
933	0.731350237	6.467291
934	0.732429074	6.467409
935	0.733485702	6.467908
936	0.737452711	6.466842
937	0.732360971	6.466213
938	0.73307187	6.466388
939	0.730498746	6.466436
940	0.733225708	6.466887
941	0.731661761	6.46732
942	0.730631376	6.466786
943	0.731068554	6.466012
944	0.730998675	6.466784
945	0.731090739	6.467539
946	0.729298875	6.467265
947	0.729312727	6.466956
948	0.732674086	6.466552
949	0.730938375	6.467179
950	0.727048414	6.46737
951	0.731667716	6.465467
952	0.732914307	6.467609
953	0.711416536	6.460697
954	0.685772128	6.459601
955	0.662212811	6.457315
956	0.675172839	6.455659
957	0.67381338	6.467331
958	0.671788404	6.46571
959	0.669707054	6.467512
960	0.672809807	6.46616
961	0.672602946	6.46661
962	0.671176195	6.465976
963	0.667876018	6.467626
964	0.671615331	6.467126
965	0.672521955	6.465298
966	0.670875209	6.466798
967	0.665659971	6.465379
968	0.668691162	6.466622
969	0.668565271	6.466039
970	0.669773008	6.466741
971	0.663131906	6.466889
972	0.666422719	6.46539
973	0.682513949	6.473066
974	0.708199487	6.47332
975	0.726572346	6.473559
976	0.713667276	6.476481
977	0.720523932	6.465981
978	0.721246881	6.467767
979	0.726646538	6.466132
980	0.719545865	6.466704
981	0.716137599	6.465812
982	0.716696641	6.467361
983	0.722368425	6.466211
984	0.715555537	6.465915
985	0.712649025	6.467346
986	0.713084116	6.466775
987	0.72106234	6.468282
988	0.715005346	6.466233
989	0.71155716	6.467547
990	0.711325105	6.46613
991	0.720725811	6.46584
992	0.698458962	6.46725
993	0.676904414	6.461397
994	0.664444491	6.458973
995	0.704908399	6.459465
996	0.716741653	6.466766
997	0.695194639	6.466112
998	0.696948996	6.464992
999	0.709710821	6.466461
1000	0.729553203	6.465796
1001	0.714840343	6.466814
1002	0.7164654	6.465475
1003	0.731865426	6.466381
1004	0.748377684	6.465829
1005	0.73291387	6.465188
1006	0.738209752	6.465635
1007	0.751122308	6.46591
1008	0.767450353	6.466875
1009	0.754390266	6.466263
1010	0.758683287	6.466045
1011	0.767738868	6.466408
1012	0.802196877	6.465294
1013	0.808088005	6.469904
1014	0.822066434	6.471511
1015	0.804527432	6.472698
1016	0.805216349	6.466615
1017	0.803121632	6.466926
1018	0.806349294	6.466361
1019	0.806371167	6.465808
1020	0.805299204	6.467222
1021	0.806482314	6.465196
1022	0.807340233	6.46716
1023	0.805469717	6.466048
1024	0.81355101	6.466446
1025	0.806456377	6.466995
1026	0.805531675	6.46541
1027	0.806065406	6.465609
1028	0.812470809	6.466072
1029	0.805191021	6.465241
1030	0.805113288	6.465822
1031	0.806430088	6.467191
1032	0.812690418	6.467052
1033	0.8071661	6.466896
1034	0.805313102	6.466857
1035	0.8057243	6.466602
1036	0.812390053	6.466645
1037	0.808333257	6.465004
1038	0.803802709	6.465925
1039	0.804469315	6.465349
1040	0.810042269	6.464974
1041	0.807910007	6.466874
1042	0.801958823	6.465838
1043	0.803251489	6.465754
1044	0.802941793	6.466525
1045	0.808084285	6.465409
1046	0.804726429	6.465897
1047	0.802782663	6.466336
1048	0.802509842	6.465505
1049	0.807758107	6.466321
1050	0.806168182	6.465789
1051	0.802142761	6.465352
1052	0.801935096	6.465819
1053	0.808257042	6.465573
1054	0.807043279	6.464995
1055	0.804474056	6.464919
1056	0.807073495	6.464628
1057	0.810498764	6.466884
1058	0.812355678	6.466767
1059	0.806639206	6.466714
1060	0.809440867	6.466455
1061	0.808609343	6.465997
1062	0.814170946	6.465695
1063	0.807171048	6.465506
1064	0.808886683	6.465296
1065	0.809132242	6.466114
1066	0.809870883	6.466079
1067	0.806202741	6.4661
1068	0.808942955	6.466293
1069	0.807470927	6.466377
1070	0.806890291	6.466388
1071	0.806046723	6.465675
1072	0.80755177	6.465382
1073	0.805038031	6.466272
1074	0.804723267	6.465699
1075	0.801968943	6.466963
1076	0.801022468	6.467076
1077	0.798979966	6.465785
1078	0.796810036	6.465209
1079	0.797724824	6.465156
1080	0.796578784	6.465603
1081	0.79814749	6.464734
1082	0.795094943	6.465643
1083	0.793883427	6.466455
1084	0.795358969	6.466453
1085	0.797260184	6.466201
1086	0.798143861	6.466581
1087	0.7929619	6.46502
1088	0.794498055	6.465984
1089	0.795535771	6.464917
1090	0.797287085	6.465714
1091	0.792734921	6.465253
1092	0.782243415	6.466472
1093	0.790541426	6.464977
1094	0.810630839	6.465483
1095	0.791553697	6.464299
1096	0.781410811	6.464494
1097	0.789210058	6.465607
1098	0.808899108	6.466503
1099	0.791423347	6.466089
1100	0.781728321	6.466487
1101	0.787599677	6.46683
1102	0.807024903	6.465143
1103	0.790804472	6.466384
1104	0.780099098	6.466162
1105	0.784732528	6.466015
1106	0.80106825	6.465345
1107	0.789163424	6.466032
1108	0.778011495	6.465309
1109	0.785948931	6.466686
1110	0.800566846	6.466739
1111	0.788148491	6.467107
1112	0.788046046	6.468033
1113	0.790374971	6.465627
1114	0.788035938	6.466689
1115	0.789113249	6.466727
1116	0.791632234	6.467224
1117	0.790504807	6.465873
1118	0.790680474	6.465903
1119	0.793668394	6.466989
1120	0.794354237	6.466191
1121	0.791672698	6.465557
1122	0.794491206	6.46662
1123	0.795923122	6.465515
1124	0.794494117	6.465124
1125	0.793419663	6.466336
1126	0.795898547	6.46727
1127	0.793651477	6.466007
1128	0.796347837	6.466489
1129	0.792371276	6.464499
1130	0.795989465	6.452145
1131	0.79082076	6.453462
1132	0.791648215	6.451093
1133	0.783944467	6.453372
1134	0.787759241	6.457207
1135	0.785164948	6.461264
1136	0.782375076	6.465369
1137	0.78302573	6.466058
1138	0.785135347	6.465392
1139	0.781774743	6.465729
1140	0.781834768	6.465103
1141	0.783256335	6.465463
1142	0.777404229	6.46476
1143	0.783608163	6.465345
1144	0.780131622	6.465345
1145	0.782929435	6.465073
1146	0.778658856	6.465308
1147	0.786470275	6.466361
1148	0.778963433	6.465698
1149	0.786147057	6.467245
1150	0.779863087	6.478707
1151	0.789944413	6.477895
1152	0.787497543	6.478123
1153	0.793220927	6.478464
1154	0.788928821	6.473985
1155	0.796474136	6.470463
1156	0.792980494	6.464754
1157	0.792549989	6.465255
1158	0.792421866	6.466442
1159	0.794299463	6.464726
1160	0.792430043	6.466349
1161	0.789879074	6.466225
1162	0.797441973	6.466293
1163	0.791153945	6.464778
1164	0.795834625	6.465641
1165	0.787391567	6.465052
1166	0.797743124	6.464923
1167	0.792024641	6.464914
1168	0.796544529	6.464355
1169	0.786298485	6.465084
1170	0.798953989	6.466093
1171	0.791631044	6.465358
1172	0.792071443	6.464958
1173	0.787858917	6.465843
1174	0.79594048	6.466336
1175	0.790632989	6.465865
1176	0.791694122	6.466377
1177	0.791822861	6.465553
1178	0.796120808	6.4649
1179	0.79424367	6.466497
1180	0.793019731	6.46459
1181	0.797691852	6.465437
1182	0.796446773	6.465263
1183	0.798483593	6.466944
1184	0.794188055	6.465787
1185	0.800893157	6.465536
1186	0.79266162	6.466332
1187	0.798972173	6.465903
1188	0.794731357	6.465855
1189	0.799186797	6.465729
1190	0.790411748	6.464885
1191	0.800472968	6.465796
1192	0.795795624	6.466255
1193	0.799180905	6.466087
1194	0.791747517	6.466352
1195	0.801843861	6.465517
1196	0.798180154	6.466669
1197	0.798757318	6.466178
1198	0.791239196	6.46593
1199	0.800687877	6.465874
1200	0.797400054	6.466843
1201	0.794459356	6.465393
1202	0.791790204	6.467524
1203	0.798090636	6.465857
1204	0.796068368	6.467359
1205	0.793163066	6.466783
1206	0.794569641	6.465841
1207	0.797697376	6.466112
1208	0.796270598	6.467158
1209	0.794728101	6.466179
1210	0.796676227	6.46683
1211	0.796099487	6.465369
1212	0.799029845	6.465493
1213	0.793079618	6.465719
1214	0.796420617	6.465771
1215	0.795101974	6.465714
1216	0.800635878	6.465731
1217	0.792592422	6.465222
1218	0.798788993	6.465838
1219	0.798468891	6.465415
1220	0.801634607	6.465253
1221	0.79611393	6.466721
1222	0.797851559	6.464637
1223	0.799188876	6.465685
1224	0.80215498	6.465575
1225	0.796697062	6.466718
1226	0.798145934	6.465494
1227	0.801321801	6.466541
1228	0.800631878	6.466157
1229	0.796415627	6.46584
1230	0.802013961	6.466867
1231	0.803899824	6.466837
1232	0.798691205	6.467389
1233	0.797692715	6.466248
1234	0.803271969	6.465799
1235	0.803402925	6.466622
1236	0.795242975	6.452443
1237	0.792695712	6.440865
1238	0.788433724	6.440527
1239	0.780932878	6.437666
1240	0.772388345	6.4351
1241	0.765929692	6.430248
1242	0.733136897	6.438871
1243	0.714240595	6.454211
1244	0.711025167	6.461153
1245	0.726331541	6.464925
1246	0.712792894	6.471753
1247	0.71129326	6.472808
1248	0.707454785	6.472469
1249	0.723081181	6.473014
1250	0.70646893	6.473014
1251	0.709785846	6.472895
1252	0.709031396	6.472833
1253	0.72185775	6.473949
1254	0.706014149	6.473853
1255	0.708546207	6.474247
1256	0.709492258	6.488668
1257	0.723071536	6.503127
1258	0.716714199	6.502941
1259	0.730129491	6.505019
1260	0.734790642	6.507172
1261	0.746101294	6.510705
1262	0.772794951	6.499664
1263	0.796017139	6.485158
1264	0.797081581	6.478333
1265	0.788901806	6.474164
1266	0.793708725	6.468432
1267	0.797939296	6.466421
1268	0.803361953	6.467456
1269	0.792802779	6.467863
1270	0.796334934	6.466227
1271	0.798543097	6.467588
1272	0.801636002	6.466674
1273	0.796039487	6.466973
1274	0.800671703	6.466791
1275	0.802690537	6.466727
1276	0.805742969	6.467471
1277	0.801875782	6.465835
1278	0.804635261	6.467371
1279	0.803469294	6.466368
1280	0.805319964	6.466524
1281	0.808624953	6.466651
1282	0.80886982	6.467614
1283	0.807450586	6.465649
1284	0.807445811	6.465758
1285	0.806327422	6.467234
1286	0.809655107	6.467162
1287	0.807144714	6.468141
1288	0.807733503	6.466546
1289	0.810240442	6.467031
1290	0.812983834	6.467264
1291	0.805966005	6.46744
1292	0.808771678	6.467217
1293	0.80884231	6.466679
1294	0.809363911	6.466849
1295	0.804660379	6.467714
1296	0.807755806	6.466659
1297	0.808010774	6.467362
1298	0.80817092	6.466122
1299	0.802979573	6.467733
1300	0.805875613	6.466783
1301	0.802798573	6.467804
1302	0.804209909	6.466832
1303	0.80069953	6.468253
1304	0.803097136	6.468327
1305	0.801100458	6.466447
1306	0.802427036	6.467687
1307	0.800396664	6.466188
1308	0.802633733	6.467255
1309	0.796479126	6.466313
1310	0.799408644	6.468086
1311	0.798588943	6.467429
1312	0.800994444	6.467303
1313	0.796427328	6.466734
1314	0.797993537	6.467631
1315	0.797232768	6.466169
1316	0.801018291	6.466717
1317	0.798702627	6.467889
1318	0.797035391	6.467701
1319	0.797490107	6.467114
1320	0.801343576	6.467265
1321	0.800121641	6.466779
1322	0.796178069	6.467232
1323	0.795770026	6.46618
1324	0.800637617	6.466996
1325	0.799199619	6.466808
1326	0.796433007	6.466673
1327	0.795554143	6.467878
1328	0.800300394	6.466811
1329	0.797808907	6.467506
1330	0.79481481	6.466352
1331	0.7951771	6.466305
1332	0.800111395	6.466736
1333	0.796964566	6.467088
1334	0.794468945	6.467835
1335	0.795330311	6.466969
1336	0.797608829	6.468085
1337	0.793453479	6.467139
1338	0.792542151	6.467081
1339	0.793408904	6.467629
1340	0.79530114	6.467163
1341	0.79149438	6.46801
1342	0.793084908	6.467208
1343	0.793831453	6.467063
1344	0.792582367	6.46678
1345	0.793948575	6.467781
1346	0.792665199	6.467879
1347	0.792252916	6.466588
1348	0.793960716	6.467979
1349	0.797659055	6.467974
1350	0.792259386	6.46828
1351	0.796960776	6.467642
1352	0.78904923	6.469005
1353	0.802805917	6.468306
1354	0.794005524	6.466353
1355	0.796455378	6.468964
1356	0.788740935	6.46707
1357	0.802709066	6.467419
1358	0.79335426	6.468542
1359	0.795326536	6.467523
1360	0.787122718	6.46826
1361	0.802579384	6.467118
1362	0.792159785	6.46766
1363	0.792859053	6.468042
1364	0.78805329	6.468059
1365	0.800679355	6.467431
1366	0.790784284	6.468383
1367	0.792448101	6.468131
1368	0.785178662	6.468545
1369	0.798571123	6.467982
1370	0.789051933	6.467487
1371	0.787900849	6.467627
1372	0.789240981	6.467121
1373	0.792688893	6.467387
1374	0.784908481	6.467418
1375	0.786330522	6.46625
1376	0.788176129	6.467937
1377	0.79204285	6.466797
1378	0.787553907	6.467247
1379	0.785918433	6.466907
1380	0.788891507	6.468031
1381	0.791668958	6.468004
1382	0.788472345	6.467061
1383	0.786540086	6.467817
1384	0.789779394	6.466815
1385	0.791659436	6.468181
1386	0.788473357	6.466712
1387	0.79304993	6.467451
1388	0.78952041	6.466056
1389	0.788473188	6.466855
1390	0.790251447	6.467278
1391	0.793074158	6.46704
1392	0.790473446	6.472448
1393	0.789357766	6.461076
1394	0.794155375	6.461253
1395	0.797878673	6.461032
1396	0.792965311	6.461701
1397	0.78646608	6.461904
1398	0.791829154	6.460217
1399	0.795167322	6.461489
1400	0.790547699	6.460173
1401	0.784772123	6.460572
1402	0.788633612	6.46213
1403	0.794823036	6.461373
1404	0.789478306	6.461301
1405	0.78213221	6.460818
1406	0.789531064	6.460855
1407	0.788271527	6.460404
1408	0.787150788	6.46047
1409	0.781667981	6.459775
1410	0.789914789	6.460265
1411	0.787080028	6.460722
1412	0.785858617	6.454617
1413	0.779299222	6.467156
1414	0.790745607	6.467149
1415	0.786522128	6.466992
1416	0.787337076	6.464899
1417	0.78763586	6.465346
1418	0.790010609	6.467085
1419	0.790382428	6.465494
1420	0.786569121	6.466491
1421	0.787950533	6.465763
1422	0.791112006	6.465305
1423	0.790070889	6.464712
1424	0.788595988	6.466332
1425	0.792797493	6.465096
1426	0.79104885	6.465921
1427	0.790847228	6.465991
1428	0.790232811	6.466505
1429	0.794294157	6.46668
1430	0.789722372	6.46644
1431	0.793895737	6.466837
1432	0.790995719	6.466583
1433	0.795930512	6.465172
1434	0.78795525	6.465281
1435	0.789820346	6.464869
1436	0.788775197	6.465849
1437	0.791647025	6.466719
1438	0.787611962	6.465114
1439	0.788124899	6.465588
1440	0.792631962	6.466418
1441	0.792450315	6.466339
1442	0.788479934	6.465629
1443	0.789713744	6.466254
1444	0.790972127	6.464899
1445	0.791258049	6.465676
1446	0.787726077	6.465819
1447	0.795856103	6.46599
1448	0.792522555	6.46609
1449	0.797846206	6.466343
1450	0.792535676	6.465813
1451	0.800000955	6.465266
1452	0.796825366	6.465508
1453	0.800603708	6.466497
1454	0.79177966	6.466319
1455	0.799375532	6.466329
1456	0.800670833	6.466194
1457	0.802496739	6.46627
1458	0.797254321	6.466756
1459	0.801723004	6.466449
1460	0.801146945	6.465145
1461	0.802435421	6.465152
1462	0.813735993	6.466746
1463	0.802654531	6.466428
1464	0.813012344	6.466442
1465	0.804438592	6.46698
1466	0.815590644	6.46644
1467	0.797523063	6.466128
1468	0.813736892	6.466615
1469	0.801968943	6.466065
1470	0.812160585	6.465883
1471	0.794980911	6.465863
1472	0.81059893	6.466557
1473	0.798991742	6.466266
1474	0.811824672	6.467076
1475	0.797354172	6.467696
1476	0.806251938	6.46756
1477	0.801264669	6.466119
1478	0.809554107	6.466094
1479	0.798824999	6.46632
1480	0.809429847	6.467155
1481	0.803236961	6.466487
1482	0.795081394	6.466574
1483	0.800632922	6.466613
1484	0.798822229	6.466258
1485	0.803291399	6.465979
1486	0.796392398	6.466494
1487	0.801754043	6.466297
1488	0.797885063	6.466
