Time	EXEC_CV	DRAM_CV
5	0.0504276908	0.0224039011
6	0.2280791105	0.0348330993
7	0.2298978251	0.0353498118
8	0.2352062007	0.0354686144
9	0.2241071278	0.0334121863
10	0.2144713038	0.0341496408
11	0.081842943	0.0341496408
12	0.0715869498	0.0349638385
13	0.0673464032	0.0358128412
14	0.0687248103	0.0359792472
15	0.0787134601	0.0348342303
16	0.068411074	0.0315179382
17	0.1217479954	0.0315179382
18	0.1240442658	0.0312072201
19	0.1234064706	0.0314702054
20	0.1100835873	0.0333020008
21	0.3079887055	0.0623988251
22	0.2779992995	0.0613011519
23	0.2773157035	0.0613011519
24	0.2782395662	0.0615614701
25	0.3474072853	0.0595947223
26	0.420456799	0.0505368477
27	0.5159295007	0.0552298509
28	0.5166076171	0.0548035863
29	0.5176045122	0.0552870306
30	0.4856739387	0.0586808963
31	0.3018510058	0.036897875
32	0.1528280056	0.0064688563
33	0.1489950423	0.006143397
34	0.1759452998	0.0064626242
35	0.1898908726	0.0246086915
36	0.1895876098	0.0329886153
37	0.1841315193	0.0329886153
38	0.2038031455	0.0334036018
39	0.1780538581	0.0319684877
40	0.1583787152	0.0313647633
41	0.1582050639	0.0232489848
42	0.1457692425	0.0244610209
43	0.0997077755	0.0234423537
44	0.1025899249	0.0227343552
45	0.0755258039	0.027656025
46	0.0850254703	0.0353543594
47	0.1676242337	0.0418278387
48	0.1674198672	0.0424758525
49	0.168956357	0.0444203896
50	0.2019432229	0.0482065539
51	0.191762139	0.0444220788
52	0.3994200854	0.0533821247
53	0.4475695784	0.0649820001
54	0.4720270423	0.0627595411
55	0.3942652591	0.0494791667
56	0.4257771287	0.0403388867
57	0.2359152772	0.0450784255
58	0.2572458561	0.039485004
59	0.2551592943	0.0304998663
60	0.2134248046	0.0214649459
61	0.1880163215	0.0227191359
62	0.0703983166	0.0232873899
63	0.0035200679	0.0233439127
64	0.0035245982	0.0233439127
65	1.7111457851	0.021922964
66	1.3707939178	0.0451846891
67	1.0362778598	0.1002327918
68	0.8242112346	0.4394716372
69	0.5714870249	0.3924684709
70	0.6051125379	0.3539825802
71	0.7044113262	0.303528666
72	0.7309068252	0.3192907568
73	0.7071883149	0.3142470753
74	0.7259490212	0.2566102539
75	0.6268368037	0.3523495982
76	0.619010726	0.3451713504
77	0.586723467	0.2454441507
78	0.4988218655	0.3105598902
79	0.5081691271	0.3082040198
80	0.4517306608	0.2102262979
81	0.435691115	0.252458068
82	0.491883854	0.2705131811
83	0.5144006703	0.195006394
84	0.5278493825	0.2289174582
85	0.5999308496	0.2333426556
86	0.6481800373	0.1551673309
87	0.6045328328	0.1799337237
88	0.6099327237	0.1837123589
89	0.8758885715	0.302210664
90	1.1377423622	0.3668083858
91	1.5056173016	0.3013204478
92	1.7396201236	0.2791292459
93	0.0865837767	0.0152339584
94	0.0708491721	0.0185990953
95	0.5863315521	0.0355843577
96	0.6117050285	0.0481634231
97	0.5108269612	0.0452799606
98	0.3731365643	0.0277314334
99	0.0798081364	0.0116725843
100	0.1286112413	0.0084285865
101	1.0445855372	0.011181331
102	1.0137749714	0.0973862808
103	0.8102500579	0.13697523
104	0.5619432612	0.1623842766
105	0.2574448086	0.130343964
106	0.2003236472	0.0559971289
107	0.2921851372	0.0386032752
108	0.3048708715	0.032563893
109	0.2417316981	0.0230239571
110	0.3044476262	0.019491578
111	0.295774127	0.0243325622
112	0.3474007	0.0435042961
113	0.6654409536	0.1837118932
114	0.9585954076	0.2260984077
115	1.3632444984	0.2195954743
116	1.5017205266	0.1744320996
117	0.0814378756	0.0295699229
118	1.424995475	0.0065943141
119	1.6881800667	0.0411731054
120	1.1450280637	0.0933288501
121	0.7681081741	0.1460035991
122	0.4671329455	0.2376724817
123	0.3237141901	0.3145078496
124	0.4037836139	0.2745559971
125	0.3798588582	0.2013016593
126	0.1568950811	0.0993718998
127	0.1313902539	0.067080805
128	0.4603174066	0.2359042659
129	0.6090028636	0.2693963146
130	0.7388702069	0.2510168566
131	0.8077263786	0.1866182054
132	0.3939322821	0.1466515487
133	0.233436403	0.0835529621
134	0.2037450368	0.0504623825
135	0.1519593173	0.0194689954
136	0.1235558834	0.0230382378
137	0.0805249016	0.0159616105
138	0.0834345084	0.018914443
139	0.2965735973	0.0792548907
140	0.5202903977	0.1071862197
141	0.6818707831	0.1227812773
142	0.7635562089	0.1122319407
143	0.3648696647	0.0224239777
144	0.0446622374	0.0229043944
145	0.0587366389	0.0252076399
146	0.220496115	0.0495803016
147	1.4515888914	0.3006116771
148	1.0792696204	0.2952366663
149	1.1683539819	0.379428448
150	1.226528713	0.390970902
151	1.2673892442	0.3893621211
152	1.7203824107	0.3062316533
153	0.2729486391	0.1443683658
154	0.2847855748	0.1375647739
155	0.2545947397	0.1404899291
156	0.231096485	0.1245391195
157	1.2405299414	0.094553396
158	0.9989124602	0.1885924382
159	0.8105320864	0.3145000033
160	0.5601495641	0.3017676481
161	0.2412558125	0.2189950705
162	0.1609793484	0.1281280101
163	0.028490063	0.0020043519
164	0.0233270034	0.0013372133
165	0.0872587786	0.0415924615
166	0.4683724574	0.2497560558
167	0.5919685866	0.3226565116
168	0.5574378987	0.3475034213
169	0.5059209062	0.28816335
170	0.2903795329	0.0345635581
171	0.1797845122	0.005260907
172	0.2634700991	0.0029754461
173	0.2737319549	0.0029754461
174	0.2803585108	0.003459341
175	0.4362947943	0.0215604358
176	0.7211319055	0.0433796212
177	1.0906393292	0.0418266212
178	1.4998578393	0.0752549033
179	0.9838094061	0.30243129
180	0.86322735	0.3157710016
181	0.5850720786	0.2656499483
182	0.2496664976	0.1787784061
183	0.0220241041	0.0184549973
184	0.0137619286	0.0167301268
185	0.0120474213	0.0101415985
186	0.2616252818	0.1126975118
187	0.3538374935	0.1685285174
188	0.3538374935	0.1676373577
189	0.353308038	0.1670812612
190	0.3539136727	0.1664042662
191	0.2489139781	0.1407998813
192	0.0085546375	0.0090475137
193	0.0085546375	0.0113225347
194	0.0034402139	0.01205321
195	0.0096909417	0.0119922443
196	0.1439345625	0.070059424
197	0.548497502	0.2463074201
198	0.8568477033	0.3128299744
199	0.9007013424	0.3085742752
200	0.8429349298	0.2313990623
201	0.8617005842	0.1712446783
202	0.588845624	0.1428832888
203	0.2338517945	0.1027932422
204	0.1196456247	0.0751692834
205	0.1275477435	0.0934286678
206	0.1596531454	0.1111824123
207	0.1624460272	0.1243452899
208	0.1953377812	0.1420812263
209	0.1856046192	0.1335518769
210	0.1767505202	0.1318363886
211	0.1748826364	0.1168526656
212	0.4967988437	0.1510753142
213	0.7738801743	0.1732430642
214	1.0596100773	0.1359833521
215	1.4088709664	0.1341470676
216	0.1115847434	0.0248764921
217	1.8944045259	0.0253705435
218	1.4095798218	0.0569864887
219	0.9567441423	0.0912370317
220	0.6142071457	0.1392677786
221	0.3724491831	0.3180610016
222	0.4072029342	0.3326355478
223	0.3956208802	0.276059537
224	0.391260753	0.183528142
225	0.1621492002	0.0559435831
226	0.4661474414	0.2646404032
227	0.5204030536	0.2579351185
228	0.7086460085	0.2747920652
229	0.9850790134	0.2967143208
230	0.6599400909	0.2543029958
231	0.5988835054	0.2109968957
232	0.6105228679	0.2198295596
233	0.4893644503	0.2279435693
234	0.354446491	0.1480540524
235	0.5665636317	0.1956628602
236	0.7629683467	0.2262254456
237	0.9277372442	0.2145759477
238	0.7580177104	0.1345189104
239	0.8450977164	0.2314656203
240	0.9746465129	0.3247033146
241	1.074284178	0.3486947862
242	1.2033339606	0.3611904423
243	1.7482055757	0.3647951968
244	0.1956978833	0.1346332713
245	0.2517070455	0.0915538795
246	0.1867767741	0.1217712169
247	0.1732937784	0.1172314325
248	0.8583144778	0.0850518405
249	1.1564646483	0.1105555362
250	0.8536002483	0.261414313
251	0.6126497467	0.300654124
252	0.3266428946	0.2596432575
253	0.1102797096	0.1702573965
254	0.1075820563	0.0505315425
255	0.023659759	0.0045943535
256	0.0191653192	0.0040822641
257	0.1052793517	0.0512371288
258	0.3519930345	0.264286953
259	0.7370766047	0.3327704701
260	0.6753529504	0.353880478
261	0.5204927612	0.2848533649
262	0.3292700911	0.0536419752
263	0.1854295481	0.0049632517
264	0.1629671984	0.0044566961
265	0.2957102805	0.0306471838
266	0.6418354007	0.0465785806
267	0.9849783395	0.0450619787
268	1.1550651618	0.2851689656
269	0.8990034881	0.3273380604
270	0.7882496844	0.2981446646
271	0.497174976	0.2089377211
272	0.0492487773	0.0235575813
273	0.1825453458	0.1158560786
274	0.1845670083	0.1178372162
275	0.1836342823	0.1142791631
276	0.1815377696	0.1168193627
277	0.1829096406	0.1195686049
278	0.0081574996	0.0126156633
279	0.0081574996	0.012841637
280	0.0079272402	0.0040915427
281	0.0097715318	0.004606167
282	0.0108489777	0.0048281664
283	0.2200509465	0.1178684742
284	0.5826264995	0.2560804159
285	0.7351736219	0.3065809969
286	0.7168699951	0.2754433908
287	0.6723559896	0.1634692604
288	0.7718674618	0.210918588
289	0.4613417314	0.1582373746
290	0.2549010606	0.1008753017
291	0.182213989	0.1022556419
292	0.2145740771	0.1261624394
293	0.1796072545	0.1121538797
294	0.2113431925	0.1138915907
295	0.2011037635	0.1068022441
296	0.1931393946	0.0732687853
297	0.4552870858	0.1323111922
298	0.6931464707	0.1540545947
299	0.9890378006	0.1662953457
300	1.2281290986	0.1432766156
301	0.5622813767	0.0154222071
302	1.5516701483	0.015814433
303	1.6470781796	0.0491446336
304	1.1136399097	0.0842070017
305	0.7469555875	0.1450402295
306	0.4109104598	0.1597860002
307	0.2681542815	0.237853366
308	0.3458891972	0.2899098655
309	0.3485590646	0.2483974767
310	0.3517286756	0.1892128733
311	0.1290561836	0.0826469314
312	0.4667667477	0.2490358356
313	0.4869724412	0.2444873918
314	0.6822953677	0.2736521924
315	1.0373970404	0.3481065276
316	0.9074305897	0.3301255787
317	0.7443673859	0.3158595118
318	0.7494465766	0.2436973754
319	0.6726662795	0.3399577312
320	0.5068956491	0.2703157685
321	0.5348846826	0.3257598228
322	0.686872425	0.3310657048
323	0.8221782943	0.3464812517
324	0.8075684919	0.3662545229
325	0.9152291011	0.3951012253
326	1.2007579917	0.4043742024
327	1.4380704785	0.4024658985
328	1.7084929846	0.4056345278
329	0.5088510515	0.0788224057
330	0.3217627431	0.0782859909
331	0.3535782332	0.1134742877
332	0.3703040917	0.118350166
333	0.3796683532	0.1099950541
334	1.074360315	0.0807963258
335	1.005949656	0.1124949443
336	0.834781861	0.3111348435
337	0.5897079496	0.3163850521
338	0.2922341656	0.2592062106
339	0.1368560769	0.1777063224
340	0.0294994702	0.0021714668
341	0.0215874527	0.0021714668
342	0.0192821809	0.0021714668
343	0.0490386454	0.0948438364
344	0.7469936332	0.2413114241
345	0.725138795	0.308469791
346	0.6077146412	0.3181863325
347	0.4227004249	0.2069113779
348	0.1119437183	0.0034895883
349	0.1016086148	0.0028155055
350	0.1015355321	0.0028155055
351	0.0743377108	0.0047626186
352	0.1019912095	0.0044751122
353	0.4048617965	0.0439159016
354	0.7345191889	0.0550579547
355	1.0535185709	0.0519059118
356	1.1787401494	0.2470024208
357	0.7282480454	0.2695230495
358	0.7293032899	0.26195411
359	0.4432759576	0.2057228697
360	0.111440656	0.0812945537
361	0.2551644666	0.1381782132
362	0.2434454488	0.1310958186
363	0.2438199579	0.1311620939
364	0.2443763262	0.1305222911
365	0.2446392556	0.1307169036
366	0.0141006541	0.0220011155
367	0.0142632201	0.0217668789
368	0.0106554576	0.0132683377
369	0.0243767024	0.0143001851
370	0.4889663592	0.2316633862
371	0.8053216515	0.3194122181
372	0.9584418823	0.3459522989
373	0.9368153822	0.2974152318
374	0.809971005	0.1308832946
375	0.7587107838	0.1973144102
376	0.4803515531	0.1528135501
377	0.3371857703	0.118845688
378	0.3260247347	0.1140197106
379	0.2931643946	0.0889720085
380	0.2532536736	0.0759892363
381	0.2344059624	0.073776565
382	0.3554107512	0.1042474373
383	0.3665931493	0.1389170632
384	0.4189916557	0.1691563124
385	0.3997777331	0.1620925831
386	0.6455785606	0.1935487639
387	0.8552306972	0.2169458112
388	1.0413798318	0.1386887745
389	1.4081673944	0.1453152188
390	0.138522578	0.0045009668
391	1.9057618456	0.0350834081
392	1.3959959137	0.073742803
393	0.9651834581	0.1349596065
394	0.6260392011	0.2025705228
395	0.3143353905	0.2103936817
396	0.3548370243	0.2920583697
397	0.3985549357	0.2522294899
398	0.243222982	0.1851181525
399	0.1232566637	0.1247542684
400	0.4196952604	0.2608639429
401	0.4752535116	0.2550912486
402	0.6722931965	0.2727581918
403	1.0209922116	0.3271496733
404	1.0975942231	0.3208279578
405	1.5039800216	0.3447597989
406	1.303326667	0.21178702
407	1.4072353435	0.2084456182
408	1.0347921226	0.4040538392
409	0.7738392438	0.3398444733
410	0.7131688884	0.3309164764
411	0.6868448974	0.390632761
412	0.7374761695	0.4479091037
413	0.5954737545	0.3037179136
414	0.5867717805	0.3103113373
415	0.6391078071	0.3260211132
416	0.9165712659	0.3055544688
417	1.2605230987	0.2662373491
418	1.3091975667	0.2054873991
419	0.3191084493	0.1223401123
420	0.3099144081	0.1214719199
421	0.3093581732	0.13604014
422	0.3172433349	0.121997907
423	1.218704706	0.0856744193
424	0.9908386582	0.1151827475
425	0.7900359718	0.3166928147
426	0.542966966	0.3206943521
427	0.2205333047	0.2639457056
428	0.1377356444	0.1784679018
429	0.0321262151	0.0008539937
430	0.021721703	0.001323321
431	0.0175894608	0.0010807482
432	0.1895554679	0.0925896472
433	0.7743655146	0.2440429195
434	0.8217506286	0.3098479516
435	0.6673471415	0.3211535166
436	0.4787178285	0.2126065437
437	0.1426886173	0.0083483006
438	0.1133116654	0.005018072
439	0.4548961712	0.0331353411
440	0.7597124401	0.0327813218
441	0.9408092557	0.1110125455
442	0.9830477354	0.2712895155
443	0.6370568421	0.262202847
444	0.557510882	0.2270429535
445	0.2344329136	0.1374276011
446	0.0642979935	0.0574720363
447	0.0653047836	0.0587908595
448	0.0079788343	0.0032834983
449	0.0051825286	0.0037417578
450	0.1294371946	0.0717130921
451	0.5521959931	0.2434295222
452	0.7562729716	0.2993113092
453	0.7569374374	0.2786619266
454	0.6938174421	0.2001594896
455	0.763045625	0.1812877716
456	0.5013421397	0.1522088469
457	0.2834069482	0.0790365925
458	0.2439418243	0.0706437558
459	0.2252970773	0.065089837
460	0.2941112433	0.1032004867
461	0.1770033204	0.0980896629
462	0.1926153793	0.1074895395
463	0.3216179266	0.1224061735
464	0.6035460457	0.1597694011
465	0.8845787547	0.181806059
466	1.0777385114	0.1081137607
467	1.115212066	0.0782367233
468	0.1247613052	0.0165774164
469	1.9383459169	0.0259234248
470	1.3490395925	0.0542332046
471	0.9350311088	0.1277319845
472	0.6034596838	0.1692742196
473	0.2170288784	0.1721844532
474	0.2784609328	0.2435413057
475	0.3580765211	0.2434733871
476	0.2899738743	0.2063393737
477	0.27533023	0.1446277437
478	0.0803748247	0.1395124301
479	0.3899980067	0.2338034651
480	0.6038343626	0.289626748
481	0.7127319708	0.3144119463
482	0.6054210635	0.1933124836
483	0.4939737483	0.3189890064
484	0.4115672656	0.3591049487
485	0.4579144465	0.385732105
486	0.4024177143	0.3249096236
487	0.5255954909	0.2537811655
488	0.785612968	0.3309193792
489	1.013934537	0.2672319112
490	1.2526527527	0.2414858893
491	1.1312283657	0.1733702115
492	0.4762184534	0.1306438101
493	0.4948289089	0.1297505718
494	0.2880090943	0.138952959
495	0.2647598929	0.1193174963
496	1.2520566575	0.1060410605
497	1.0146734064	0.1892913251
498	0.7877241659	0.3034419962
499	0.5316858172	0.2939220791
500	0.19307943	0.2180592988
501	0.1030346018	0.1307723572
502	0.0271630004	0.0067119635
503	0.0215874527	0.0093877143
504	0.017482077	0.0061166949
505	0.1851953696	0.1869906806
506	0.618907906	0.2923956275
507	0.6271294327	0.3398074925
508	0.4968549389	0.3352640678
509	0.3082150154	0.0843851846
510	0.5389211316	0.0228565843
511	0.6831480835	0.1015821262
512	0.6856823195	0.2639256175
513	0.6460302822	0.2813065747
514	0.6052634145	0.2423085421
515	0.262047401	0.137719274
516	0.3101366036	0.1655315139
517	0.5673311251	0.2631803519
518	0.6815401053	0.2569151073
519	0.6532580693	0.2252468074
520	0.3555463007	0.1388314907
521	0.355837439	0.1325284006
522	0.152040398	0.0254290234
523	0.0870992096	0.0393950058
524	0.0224289975	0.0306361814
525	0.076109649	0.0336821198
526	0.0811510221	0.0386351221
527	0.308596442	0.0724124066
528	0.6037284302	0.1326468613
529	0.8441199523	0.1340111786
530	1.1206826698	0.1137687513
531	0.839763851	0.049966934
532	1.0124065502	0.0464854769
533	1.8418520064	0.0781127755
534	1.2336786659	0.0805036078
535	0.8329332127	0.1114734318
536	0.4971928599	0.161294589
537	0.1423544383	0.1601370742
538	0.2801677635	0.2790787624
539	0.3167271855	0.2488346337
540	0.2984912783	0.1908225692
541	0.158362937	0.1393183971
542	0.378380706	0.2578424797
543	0.5335829759	0.3622081706
544	0.5551979765	0.3650397486
545	0.5424351417	0.3808869503
546	0.5863516634	0.3727611838
547	0.7731976159	0.3976506076
548	0.7762751093	0.4144931578
549	0.7739907051	0.408751943
550	0.8986118933	0.3147022997
551	1.1389125433	0.3557200917
552	1.1868184235	0.3342453357
553	1.7002417992	0.3012373285
554	0.3340025491	0.1227250831
555	0.3537098385	0.1234990609
556	0.5257775956	0.0499454859
557	0.3450657202	0.0979900358
558	0.3483367502	0.1150389936
559	0.3423986603	0.0959955254
560	1.2205265117	0.0622509356
561	1.0767675014	0.1157150448
562	0.8233093472	0.3152284385
563	0.5613827807	0.317331201
564	0.2382770742	0.2566145366
565	0.059497284	0.165306083
566	0.0250942006	0.0010784027
567	0.0199835698	0
568	0.0166165512	0.0005393314
569	0.2936253622	0.1338965742
570	0.8014900058	0.2575654732
571	0.6593494845	0.3227507451
572	0.8088637754	0.336320784
573	0.9767218695	0.1801642014
574	1.2706936054	0.0335559785
575	1.855769769	0.021771202
576	0.2253912074	0.0386029673
577	1.1221318173	0.1468751013
578	0.959464653	0.1845532954
579	0.7067062709	0.1784846093
580	0.4499873426	0.1527988556
581	0.1282603199	0.0212890775
582	0.1065547787	0.0285850006
583	0.0978301806	0.021762916
584	0.0806933724	0.0207785429
585	0.0561290897	0.0193720216
586	0.4352806089	0.1113843299
587	0.706993397	0.1342887998
588	0.9887042487	0.133263625
589	1.3090306679	0.1080310066
590	0.2630508122	0.021636122
591	1.8551622205	0.0515544779
592	1.4298544102	0.053607116
593	0.9850531715	0.0820386624
594	0.6361807842	0.155986725
595	0.2696389418	0.1729449052
596	0.2927161952	0.2496347232
597	0.3639203751	0.2627873912
598	0.3447124846	0.2067478446
599	0.2850905228	0.1481537141
600	0.1949581561	0.1727105663
601	0.5220921707	0.3241699049
602	0.5973118749	0.4001663763
603	0.6470497374	0.3991476875
604	0.4518443553	0.2784546323
605	0.4710049775	0.4068717598
606	0.5294182246	0.3800340498
607	0.8593220641	0.3900095612
608	1.2313083775	0.404629494
609	1.7012717669	0.4689576319
610	0.9941845212	0.1310607924
611	0.3711653439	0.0144307506
