Time	EXEC_CV	DRAM_CV
5	0.0145051438	0.0599622345
6	0.0236690042	0.0036935584
7	0.0229656719	0.0045518946
8	0.5705063959	0.0133770113
9	0.6500652708	0.0275156385
10	0.5728569205	0.0331705009
11	0.4541178946	0.036791756
12	0.2012692522	0.0264858542
13	0.4851369264	0.0174458709
14	0.4847480235	0.0356737069
15	0.5868912578	0.0392676571
16	0.6287353669	0.0471376057
17	0.7196939841	0.047559721
18	0.5010003435	0.0385211518
19	0.4605858203	0.0358530924
20	0.3017702369	0.0283333516
21	0.4165506341	0.0269472536
22	0.4069393164	0.0259272473
23	0.3691599849	0.0271260695
24	0.3704818169	0.0291529816
25	0.3123249711	0.0310810087
26	0.4360090853	0.0363701425
27	0.4410692804	0.0364791183
28	0.4379307714	0.036241988
29	0.4398837298	0.0361933545
30	0.5753919764	0.0378931903
31	0.542932875	0.0460074512
32	0.6987797102	0.0482299337
33	0.7728953276	0.0405509536
34	0.1427957974	0.0102810428
35	0.0493583398	0.0021065172
36	0.0385322174	0.0019695387
37	0.0351193832	0.0021065172
38	0.0371599402	0.0021065172
39	0.0376211186	0.0026865585
40	0.0335211839	0.0016677047
41	0.0254982221	0.0012930183
42	0.0321155385	0.0012930183
43	0.034412545	0.0012936291
44	0.036399102	0.0012930183
45	0.0320797453	0.0012936291
46	0.0180991521	0.0019769849
47	0.0180991521	0.0019769849
48	0.0197538278	0.0019769849
49	0.0199445374	0.0016716472
50	0.0157538619	0.0019788553
51	0.0137560933	0.0016716472
52	0.0319789043	0.0021174886
53	0.0364118517	0.0059116332
54	0.0466436015	0.0054190847
55	0.049829106	0.0052089639
56	0.0306709068	0.0041239305
57	0.0404019382	0.0041239305
58	0.0559762993	0.001302241
59	0.0539223966	0.001302241
60	0.0583383173	0.001302241
61	0.0400154929	0.0031029045
62	0.0476226544	0.0060847488
63	0.2866124823	0.0232232656
64	0.2878284754	0.0235800723
65	0.351918535	0.0483521809
66	0.3812416325	0.0529212231
67	0.3181642935	0.0459285622
68	0.3171227164	0.0437401691
69	0.2452221255	0.0142143383
70	0.3969162447	0.0371669316
71	0.4624584989	0.0371669316
72	0.5325322338	0.0368725839
73	0.4824246598	0.0372606348
74	0.4132169693	0.0357387727
75	0.2656511209	0.0256288416
76	0.3985642088	0.0274104241
77	0.3864493776	0.0241680412
78	0.3243891664	0.0248890735
79	0.3120830278	0.0247246083
80	0.2852212303	0.0218951539
81	0.4250298748	0.0491102048
82	0.4288120195	0.0511301615
83	0.3614138856	0.0505125687
84	0.3542387401	0.0503360486
85	0.4276646163	0.0487957085
86	0.262962843	0.0201479056
87	0.3938590448	0.0353097624
88	0.6509655957	0.0411612284
89	0.9307188275	0.0353026284
90	1.2157930077	0.0501561208
91	0.7689012516	0.0758107361
92	0.567045727	0.0763624946
93	0.489943192	0.0544971629
94	1.0511309256	0.0369678504
95	1.0545311107	0.1203532191
96	0.7949937398	0.1138158665
97	0.7308027909	0.1462551132
98	0.6642129818	0.169955609
99	0.8175417362	0.1891517804
100	0.6286600533	0.0998129587
101	0.0098107956	0.0012602912
102	0.0106539874	0.0012602912
103	0.0113692662	0.0078317898
104	0.0129394203	0.0075579608
105	0.0141529227	0.0075579608
106	0.0033439649	0.0070527061
107	0.0060808945	0.0070527061
108	0.0087346831	0.0020637452
109	0.0083817467	0.0023094688
110	0.0093432341	0.0020675617
111	0.0053174571	0.002068518
112	0.0036566933	0
113	0.0036566933	0.0020723522
114	0.0018313415	0.0020723522
115	0.0028979786	0.0020733129
116	0.011428696	0.0023201856
117	0.0225164203	0.0020771649
118	0.045234663	0.003447791
119	0.0734214805	0.0026540396
120	0.0840412833	0.0019493477
121	0.1079429775	0.0016482676
122	0.0948822441	0.0835946337
123	0.1587376725	0.0956788577
124	0.1920084687	0.0909847326
125	0.205916989	0.0715928706
126	0.2205228963	0.049378613
127	0.5711244606	0.0840733527
128	0.5505509448	0.0938173399
129	0.4582841744	0.0855023446
130	0.293199414	0.0354452321
131	0.069915599	0.0010668263
132	0.0461691386	0.0010668263
133	0.0017102617	0
134	0.0051003276	0.0010668263
135	0.0117987813	0.0010668263
136	0.0229260457	0.001305967
137	0.0371058545	0.0013053445
138	0.0394635781	0.0016835876
139	0.0352164595	0.0019910995
140	0.0309814826	0.0013028605
141	0.0271486778	0.0019910995
142	0.0275037282	0.0019910995
143	0.0251356011	0.0016835876
144	0.0345559292	0.0010653016
145	0.0590513276	0.0013053445
146	0.184677864	0.0013053445
147	0.2484385529	0.0013053445
148	0.28238188	0.0013053445
149	0.2880313866	0.0013053445
150	0.260384207	0.0062295293
151	1.1554462898	0.0510156653
152	1.0513447648	0.0835290754
153	0.7832252911	0.0777339416
154	0.5626628332	0.0659703042
155	0.3898512773	0.0357053841
156	0.531396863	0.0598793353
157	0.5064249553	0.0432003832
158	0.3603818784	0.0479078778
159	0.1720978016	0.0512522718
160	0.1432084423	0.0239549004
161	0.1342845034	0.0248848076
162	0.0911509298	0.0085729114
163	0.107276961	0.0092122502
164	0.098187003	0.0093659788
165	0.1122028058	0.0103466239
166	0.1168370692	0.0091949258
167	0.1674545951	0.0197741653
168	0.1618743426	0.0300467795
169	0.1842710279	0.0296324226
170	0.1892768496	0.0322969471
171	0.1883676067	0.033814226
172	0.178997368	0.0266455195
173	0.190516991	0.0266455195
174	0.1850353528	0.0291401712
175	0.1694807353	0.0220876175
176	0.1556535847	0.0221769609
177	0.2220612748	0.0247453988
178	0.1914712881	0.0205926231
179	0.1353736465	0.0199589913
180	0.1050631476	0.019821026
181	0.065771212	0.0204726393
182	0.0915648462	0.0182270338
183	0.0790764338	0.0171693206
184	0.0772724918	0.0170498126
185	0.0770858899	0.0136065068
186	0.0820276006	0.0178703955
187	0.0479759298	0.0163873145
188	0.040426718	0.0161398517
189	0.057185986	0.0192879105
190	0.0765939628	0.0191571196
191	0.075086342	0.0141812543
192	0.065534789	0.0134868598
193	0.0749814792	0.0101452784
194	0.0949591434	0.0131269682
195	0.0990008455	0.0102027902
196	0.0992792426	0.0102027902
197	0.0378699256	0.0097571066
198	0.0506814473	0.003553121
199	0.0499687371	0.0108083461
200	0.0525482127	0.0135900592
201	0.0606313766	0.0119151047
202	0.0580727673	0.0106751725
203	0.0789750601	0.0121904451
204	0.070618296	0.0149627656
205	0.0856390831	0.0136384553
206	0.0572771343	0.0142368356
207	0.0683019685	0.0173092436
208	0.0664898265	0.0111124874
209	0.0604760666	0.010618142
210	0.0634160169	0.0083001187
211	0.0653368422	0.008704575
212	0.0477733741	0.002514723
213	0.0488698334	0.0018477474
214	0.0363406586	0.004238736
215	0.0315263538	0.0047731139
216	0.0384425341	0.0047668169
217	0.0321174674	0.0045514577
218	0.034600665	0.0018339764
219	0.045052307	0.0228404722
220	0.1270139116	0.0599596105
221	0.127447007	0.1032927658
222	0.4688477337	0.1048983087
223	0.6981468526	0.105533152
224	0.9011715819	0.0963064216
225	1.1304992351	0.0978218673
226	0.0086249639	0.0012107042
227	0.0059002823	0.0012101692
228	0.0070422535	0.0018477474
229	0.0062810898	0.0019761979
230	0.0038409717	0.0019761979
231	0.0135749225	0.0022075055
232	0.0135749225	0.0022075055
233	0.0144605588	0.0018477474
234	0.0164000551	0.0015609421
235	0.0164000551	0.0009867908
236	0.0049796252	0.0009876625
237	0.0038680972	0.0009876625
238	0.0038735683	0.0012101692
239	0.0038680972	0.0018477474
240	0.0038735683	0.0018477474
241	0.0031672351	0.0015609421
242	0.0050149417	0.0015609421
243	0.0050149417	0.0012080339
244	0.0031762329	0.0012080339
245	0.0031762329	0.0012080339
246	0.0031762329	0.0012080339
247	0.0031762329	0.0012075012
248	0.0031762329	0.0012075012
249	0.0038956085	0.0012075012
250	0.0087481777	0.0012075012
251	0.0096243959	0.0009854861
252	0.0118383838	0.0012075012
253	0.0159453437	0.0075025774
254	0.0253701094	0.0072497461
255	0.0325029736	0.007856742
256	0.0657421215	0.0064221401
257	0.083747233	0.0048521673
258	0.1148589215	0.0062189318
259	0.1243950231	0.0066401987
260	0.1128725403	0.0317037667
261	0.724625877	0.0439832337
262	0.7732624377	0.0396361026
263	0.6392782059	0.0493584273
264	0.4345538403	0.0564144977
265	0.2908667895	0.0724976742
266	0.4447529192	0.0508996476
267	0.4536300122	0.0408346882
268	0.4570582219	0.0399399629
269	0.4135077685	0.0470966129
270	0.6398555351	0.0901584411
271	0.647325227	0.0888954786
272	0.6564243435	0.0922637477
273	0.6761897494	0.0949464563
274	0.6753090523	0.0911966291
275	0.404989982	0.039275719
276	0.0343261314	0.0108115837
277	0.1313575501	0.0240630974
278	0.5499950945	0.0928341832
279	0.612247505	0.0889826445
280	0.6022586532	0.0831977724
281	0.6054577602	0.0831977724
282	0.6038371186	0.0872494496
283	0.2450680673	0.0133676915
284	0.3287393576	0.0446528804
285	0.5427098834	0.0651385992
286	0.7162624001	0.07151057
287	0.817513237	0.0630404467
288	0.2353604327	0.0121352848
289	0.0073421254	0.0012930183
290	0.010151105	0.0035734569
291	0.010151105	0.0035717736
292	0.0089681871	0.0030693043
293	0.0089681871	0.0028817526
294	0.0089681871	0.0025763055
295	0.0149071198	0.0016637807
296	0.0149071198	0.0019676859
297	0.0159376988	0.0028817526
298	0.0159376988	0.0030693043
299	0.0159376988	0.0031597758
300	0.0036858853	0.0025823789
301	0.0036858853	0.0010552468
302	0.0030054677	0.0010552468
303	0.0030054677	0.0072196736
304	0.0030054677	0.0069862062
305	0.0029974102	0.0069862062
306	0.0029974102	0.0069862062
307	0.0029974102	0.0072196736
308	0.0029974102	0.0016677047
309	0.0029974102	0.0010542518
310	0	0.0016677047
311	0	0.001974186
312	0	0.001974186
313	0	0.0012930183
314	0.0149071198	0.0012930183
315	0.0144337439	0.0010552468
316	0.0144337439	0.0010552468
317	0.0144337439	0.0016677047
318	0.0144337439	0.0016677047
319	0.0029974102	0.0016677047
320	0	0.0026916323
321	0	0.0026916323
322	0.0178647242	0.0021124875
323	0.0178647242	0.0019769849
324	0.0217063101	0.0019769849
325	0.0206497043	0.001974186
326	0.0206497043	0.0016677047
327	0.0173383043	0.0019723244
328	0.0173383043	0.0012899731
329	0.0029974102	0.0012899731
330	0.0266904666	0.0019723244
331	0.0266904666	0.0023584906
332	0.0266904666	0.0021114901
333	0.0266904666	0.0012936291
334	0.0266904666	0.0012936291
335	0	0.0012936291
336	0.0296167944	0.0012936291
337	0.03579886	0.0012936291
338	0.03579886	0.0016716472
339	0.03579886	0.0010577427
340	0.03579886	0.0025884809
341	0.0296167944	0.0026929037
342	0	0.0026916323
343	0.011941618	0.0016677047
344	0.011941618	0.0016677047
345	0.0165118032	0.0010552468
346	0.0165118032	0.0010552468
347	0.0165118032	0.0012930183
348	0.0149071198	0.0012936291
349	0.0149071198	0.0012930183
350	0	0.001974186
351	0.0030054677	0.001974186
352	0.0036858853	0.0016677047
353	0.0036858853	0.0087904286
354	0.0036858853	0.0087904286
355	0.0036858853	0.0082729745
356	0.0030054677	0.0079341871
357	0	0.0074287973
358	0.0030054677	0.0023640662
359	0.0030054677	0.0023640662
360	0.0030054677	0.0025884809
361	0.0030054677	0.0021114901
362	0.0030054677	0.0010552468
363	0	0.0010552468
364	0.0029974102	0.0010552468
365	0.0029974102	0.0012930183
366	0.0029974102	0.0012936291
367	0.0029974102	0.0012936291
368	0.0029974102	0.0021114901
369	0	0.0021114901
370	0.0030054677	0.001974186
371	0.0030054677	0.0016677047
372	0.0030054677	0.0010542518
373	0.0929712448	0.0010552468
374	0.0998166183	0.0012930183
375	0.0985353022	0.0012930183
376	0.0998166183	0.0012936291
377	0.0998166183	0.0010567429
378	0.0734749185	0.0012936291
379	0.0030054677	0.001974186
380	0.0030054677	0.001974186
381	0	0.001974186
382	0.0030054677	0.001974186
383	0.0036858853	0.001974186
384	0.0036858853	0.001974186
385	0.0036858853	0.001974186
386	0.0036858853	0.001974186
387	0.0036858853	0.0016677047
388	0.0036858853	0.001974186
389	0.0036858853	0.0012930183
390	0.0036858853	0.0019769849
391	0.0036858853	0.0030838233
392	0.0030054677	0.0030838233
393	0	0.0033432945
394	0	0.0030838233
395	0.0030054677	0.0030838233
396	0.0030054677	0.0019769849
397	0.0036858853	0.0016716472
398	0.0036908528	0.0010577427
399	0.0036908528	0.0010577427
400	0.0036858853	0.0010567429
401	0.0056227152	0.0012936291
402	0.0056227152	0.0012936291
403	0.0047456831	0.0069862062
404	0.0076316963	0.0069087108
405	0.0087388772	0.0069087108
406	0.0087623688	0.0065786804
407	0.0146285313	0.0073767937
408	0.0188511371	0.0026916323
409	0.0140561739	0.0016677047
410	0.011945178	0.0026916323
411	0.0031013425	0.0026916323
412	0.0031099694	0.0023640662
413	0.0038142239	0.0021164865
414	0.0038142239	0.0010592458
415	0.0085646495	0.0012966917
416	0.014084507	0.0012966917
417	0.0161497936	0.001296078
418	0.0156046313	0.001296078
419	0.0064162639	0.001296078
420	0	0.0019816675
421	0	0.0016756085
422	0.0410577453	0.0010602503
423	0.0493785939	0.0012991522
424	0.0559186058	0.0019835468
425	0.0647205365	0.0016756085
426	0.0746968754	0.0027044009
427	0.0710418559	0.0027056844
428	0.0273944009	0.0027056844
429	0.0235493026	0.0019882605
430	0.0152771071	0.0013028605
431	0.0043264025	0.0019910995
432	0.0043332481	0.0019929967
433	0.0035436893	0.0013053445
434	0.0056119586	0.0013053445
435	0.0104140614	0.0019929967
436	0.0306445225	0.0019929967
437	0.035657045	0.0019929967
438	0.0300759969	0.0019929967
439	0.031884773	0.0019929967
440	0.0380679348	0.0019929967
441	0.0635182969	0.0019929967
442	0.0892552228	0.0016835876
443	0.0804971966	0.0019910995
444	0.069838462	0.0021275623
445	0.0459393741	0.0021275623
446	0.0282701192	0.0016795886
447	0.0360739335	0.0010617607
448	0.0473776666	0.0010617607
449	0.0539759961	0.0010617607
450	0.0663434488	0.0010617607
451	0.0964350778	0.0010617607
452	0.1438570763	0.0012997688
453	1.2136702044	0.0624101525
454	1.2574863871	0.0762663493
455	1.0302157375	0.084673832
456	0.8659712556	0.0879380268
457	0.6167199207	0.0831399909
458	0.62606795	0.0858803803
459	0.3395677085	0.0213785862
460	0.1072066309	0.0249876554
461	0.2405478581	0.0546884247
462	0.2612522813	0.055888024
463	0.5954301255	0.0920000794
464	0.5715971045	0.0828602349
465	0.6265183198	0.0914443764
466	0.6320190023	0.0952632232
467	0.633980958	0.1006770422
468	0.3008199904	0.0172175381
469	0.1558785333	0.0108546989
470	0.3955644544	0.0731607532
471	0.6981124469	0.1050766969
472	0.6784141672	0.1018839172
473	0.6493804005	0.0949676535
474	0.6593938832	0.0897372036
475	0.5167856397	0.0800752754
476	0.0730431879	0.0139252165
477	0.2828355739	0.0556008734
478	0.3042223706	0.05529906
479	0.4545780935	0.065136428
480	0.7076406169	0.0847503013
481	0.641037788	0.0960956384
482	0.6423435224	0.0979976622
483	0.6576251268	0.1026811844
484	0.5280388284	0.0984836841
485	0.0945758581	0.0118039246
486	0.2737612179	0.0487250648
487	0.3024948855	0.0493384852
488	0.4083271908	0.0615502175
489	0.6880626301	0.1166317087
490	0.5894457417	0.1093478468
491	0.6803647323	0.113483053
492	0.7171567721	0.1156172939
493	0.64237734	0.1198065982
494	0.2985758036	0.01769971
495	0.1414602909	0.027132451
496	0.1641124365	0.0435934221
497	0.3275855535	0.0576343158
498	0.6444969563	0.0822147804
499	0.7020869337	0.0599477849
500	0.8642430378	0.0482657314
501	0.7476184262	0.0434852574
502	0.6580684288	0.0429965577
503	0.5828318156	0.0302387337
504	0.3862567979	0.0284793375
505	0.1792477751	0.0136237194
506	0.1690522821	0.0156444566
507	0.2646037487	0.0616780055
508	0.5259857817	0.0925026492
509	0.5179105545	0.0983620168
510	0.4000862066	0.0819310929
511	0.194900234	0.0224051341
512	0	0.0019762846
513	0.0038955888	0.0017690411
514	0.0061487546	0.0056119586
515	0.3754095222	0.0335764168
516	1.0823627692	0.125868889
517	0.8559225019	0.1522448425
518	0.6209771495	0.153314075
519	0.3639871238	0.1291039607
520	0.3166346173	0.1291039607
521	0.5188391904	0.1922171861
522	0.6800555617	0.2149332538
523	0.7521976128	0.1897882618
524	0.2483507969	0.0408594058
525	0.0074701603	0.0010468483
526	0.0025011946	0.0010468483
527	0.0025011946	0.0010468483
528	0.0025011946	0.0010468483
529	0.0025011946	0.0010468483
530	0.0025011946	0.0012815221
531	0.0024956116	0.0012815221
532	0.0024956116	0.0012815221
533	0.0024956116	0.0010468483
534	0.0024956116	0.0010468483
535	0.0024956116	0.0010478294
536	0	0.0010478294
537	0	0.0010478294
538	0.0024956116	0.0010478294
539	0.0024956116	0.0012839254
540	0.0024956116	0.0010478294
541	0.00305308	0.0010478294
542	0.00305308	0.0016559878
543	0.0024956116	0.0016559878
544	0.0024956116	0.0010468483
545	0.0096225045	0.0010468483
546	0.0099491345	0.0010468483
547	0.0099491345	0
548	0.0099491345	0
549	0.0099491345	0
550	0	0
551	0.0024956116	0.0010478294
552	0.0024956116	0.0010478294
553	0.0024956116	0.0061270699
554	0.0024956116	0.0070422535
555	0.0096225045	0.0069271401
556	0.0108538913	0.0073075605
557	0.0108538913	0.0072352277
558	0.0108538913	0.0030520611
559	0.0108538913	0.0019603093
560	0.0025011946	0.0019603093
561	0.0024956116	0.0012839254
562	0.0024956116	0.0012839254
563	0.0024956116	0.0012839254
564	0.0024956116	0.0012839254
565	0.0024956116	0.0010478294
566	0	0.0010478294
567	0	0
568	0	0.0010468483
569	0	0.0010468483
570	0.0222617387	0.0016559878
571	0.021751403	0.0016559878
572	0.021751403	0.0016559878
573	0.021751403	0.0012839254
574	0.0208234256	0.0012839254
575	0.0072516156	0.0010478294
576	0.007856742	0.0012839254
577	0.007856742	0.0012839254
578	0.007856742	0.0010478294
579	0.0049801069	0.0020976247
580	0.0046532816	0.0020976247
581	0.00305308	0.0020966413
582	0.0114947014	0.0020966413
583	0.0126545552	0.0020966413
584	0.0138486091	0.0010478294
585	0.0182946613	0.0012839254
586	0.0234196333	0.0012839254
587	0.0158383983	0.0012845276
588	0.0146523549	0.0012845276
589	0.0105370662	0.0012839254
590	0.0063762812	0.0012839254
591	0.0104733863	0.0012845276
592	0.0153754774	0.001963069
593	0.0154850413	0.0016598751
594	0.0148036856	0.0016598751
595	0.0080145806	0.0016598751
596	0.007798089	0.001963069
597	0.007798089	0.0012845276
598	0.007798089	0.001963069
599	0.0068520158	0.0016598751
600	0.0050462004	0.0019649132
601	0.005064528	0.0019676859
602	0.0092249093	0.0016637807
603	0.0111174432	0.0055311507
604	0.0169050172	0.0048976007
605	0.0179611724	0.0048976007
606	0.0202611194	0.0051720733
607	0.0174433936	0.0048976007
608	0.0105466474	0.0021075099
609	0.0070582804	0.0010527627
610	0.0028889767	0.0021075099
611	0	0.0021075099
612	0	0.0021065172
613	0.0086223701	0.0021065172
614	0.0115261236	0.0021065172
615	0.0132389545	0
616	0.0171802033	0.0010527627
617	0.0284122842	0.0012899731
618	0.0325347641	0.0012899731
619	0.0424988823	0.0012899731
620	0.036100918	0.0012899731
621	0.0224275011	0.0010527627
622	0.0120037307	0.0021065172
623	0.0135567297	0.0021065172
624	0.0266977782	0.0021075099
625	0.0518197322	0.0021075099
626	0.0688081549	0.002685293
627	0.0854854949	0.0019695387
628	0.1161877676	0.0021065172
629	0.1383977842	0.0019695387
630	0.1188048543	0.0456793463
631	0.2388872237	0.1202726745
632	0.2359881556	0.117228489
633	0.2124354968	0.0981954687
634	0.1510095579	0.0567690756
635	0.1442624502	0.0315490835
636	0	0.0019455253
637	0	0.0022208325
638	0	0.0022208325
639	0.0115063532	0.0149832097
640	0.0261203983	0.0423800963
641	0.7134195813	0.0794834659
642	0.6771286146	0.0905629929
643	0.5423018586	0.0770597497
644	0.3706527949	0.0454602401
645	0.0395421879	0.0036074574
646	0.0167637318	0.0016835876
647	0.0139650818	0.0016835876
648	0.0012550929	0.0016835876
649	0.0012550929	0.0010642875
650	0.001025249	0.0010642875
651	0.0012550929	0.0010642875
652	0.001254518	0.0013028605
653	0.0016180933	0.0059846926
654	0.0016180933	0.0059846926
655	0.0010229039	0.0059398376
656	0.0010229039	0.0055971548
657	0.0010229039	0.0049537605
658	0	0.0013053445
659	0.0010229039	0.001305967
660	0.0016180933	0.001305967
661	0.001913678	0.0010668263
662	0.0022883295	0.001305967
663	0.006570822	0.001305967
664	0.0103910335	0.0013053445
665	0.0465590851	0.0010653016
666	0.0539703452	0.0010653016
667	0.0553778403	0.0010653016
668	0.0585953506	0.0010653016
669	0.0620531775	0.0010653016
670	0.0515761405	0.0016835876
671	0.0149870979	0.0010642875
672	0.0091947343	0.0013028605
673	0.0120481928	0.0019910995
674	0.0171445104	0.0021275623
675	0.0185804525	0.0021275623
676	0.0177550863	0.0026069612
677	0.0148770281	0.0023809524
678	0.0115285685	0.0019910995
679	0.0119951314	0.0019910995
680	0.0116719478	0.0019910995
681	0.0113282845	0.001302241
682	0.0158141302	0.001302241
683	0.01291846	0.0021275623
684	0.0099882041	0.0019910995
685	0.0105437002	0.0016835876
686	0.020022609	0.0016835876
687	0.0271228594	0.0016835876
688	0.028180842	0.0013028605
689	0.0251431726	0.0013028605
690	0.0245422253	0.001302241
691	0.0333681456	0.0013028605
692	0.0364030984	0.001302241
693	0.0358383125	0.0019910995
694	0.0311642536	0.0021275623
695	0.0242564742	0.0019910995
696	0.026235105	0.0019910995
697	0.0261537119	0.0016835876
698	0.0302835438	0.0016835876
699	0.0400629399	0.0010653016
700	0.0532885432	0.0010653016
701	0.0980814307	0.0016835876
702	0.1901326811	0.0019929967
703	0.2242719704	0.0055971548
704	0.2393604214	0.0054449638
705	0.1910758656	0.0054449638
706	0.1159828436	0.0049537605
707	0.1848229298	0.0061747038
708	1.2704669646	0.0748689826
709	1.1933231402	0.1653339767
710	0.8895918293	0.1497592875
711	0.6680615031	0.1281120288
712	0.4640228265	0.1097816228
713	0.6357378855	0.1430810922
714	0.4522040779	0.1374681764
715	0.382309274	0.1508820709
716	0.3626306713	0.1664669527
717	0.1573018098	0.0219169433
718	0.240109388	0.0410329251
719	0.2404402467	0.0409668751
720	0.2504573525	0.0418933528
721	0.1661826552	0.0315420855
722	0.1592351556	0.0309381425
723	0.062907458	0.0109401735
724	0.0648317012	0.0109705052
725	0.0921459324	0.0225100109
726	0.1297002032	0.0217317483
727	0.1274292641	0.0228052315
728	0.1278694343	0.0228052315
729	0.1540425245	0.0213698741
730	0.1360057936	0.0103172204
731	0.1849736845	0.0114191029
732	0.1867123337	0.0120224609
733	0.2036390746	0.010384568
734	0.1852166981	0.0154261618
735	0.2209290899	0.0164706207
736	0.2027444038	0.0169534717
737	0.1985463933	0.0166722575
738	0.1654025834	0.0146334529
739	0.1506764973	0.0122625325
740	0.0620061891	0.0115378729
741	0.1383126129	0.0114577488
742	0.1452109486	0.0136010687
743	0.146300944	0.0141459594
744	0.1383467377	0.0125473979
745	0.1262872311	0.0140828042
746	0.1262872311	0.012112506
747	0.1154483868	0.0153105054
748	0.14651012	0.015834199
749	0.1791665784	0.0142946024
750	0.1768940542	0.0269504246
751	0.2527998506	0.0336029402
752	0.3447496431	0.0470556396
753	0.3387627872	0.0489754411
754	0.38442293	0.0476072556
755	0.4268287363	0.0486501211
756	0.4988617176	0.0678666878
757	0.3179569029	0.0573605477
758	0.3202535915	0.0579026209
759	0.3493593295	0.0581570968
760	0.3232945476	0.0600440163
761	0.1455334208	0.0182366033
762	0.1718371143	0.0138241013
763	0.1846830933	0.0104150535
764	0.1675154912	0.0135695556
765	0.1460916969	0.0099166569
766	0.1490528567	0.0083513276
767	0.1030899667	0.0095453663
768	0.0810248171	0.0172298354
769	0.0822746107	0.0145582107
770	0.0999159498	0.0146475037
771	0.1706988803	0.0256601924
772	0.2161628082	0.0290754695
773	0.2223926998	0.0274326394
774	0.2116945757	0.0278908643
775	0.2058908064	0.0291266365
776	0.1308061272	0.0218443544
777	0.1093501692	0.0193345359
778	0.1007062801	0.0171900069
779	0.1001790512	0.0171200329
780	0.1149479253	0.0152532998
781	0.1801580129	0.0220358501
782	0.1856068117	0.0254493409
783	0.1816836289	0.0270033339
784	0.1853626055	0.0278971052
785	0.1792918226	0.0276703415
786	0.1559043476	0.0196824319
787	0.1318155529	0.0126775142
788	0.1286381747	0.0112253207
789	0.1324069747	0.0181424928
790	0.1382561204	0.0213074437
791	0.0960828362	0.0249444618
792	0.0898113815	0.0255757008
793	0.0935140166	0.0246611988
794	0.0901133877	0.0204075847
795	0.0608556661	0.0173849226
796	0.1083749673	0.0106242917
797	0.171173179	0.0229385901
798	0.1753764791	0.0248399577
799	0.172616612	0.0258755161
800	0.1717214	0.0278744903
801	0.1694992444	0.0300519584
802	0.1080373727	0.0254121549
803	0.1065894784	0.0223285805
804	0.1450169436	0.0211320263
805	0.1409583145	0.0186166622
806	0.1395120471	0.0139534884
807	0.1514044653	0.0052761473
808	0.2188268791	0.0177523849
809	0.210110677	0.0230836482
810	0.2135556525	0.0250648547
811	0.2053170265	0.0278131919
812	0.2000648243	0.0283710733
813	0.1335250565	0.0226999442
814	0.1081049128	0.0180336913
815	0.1089759969	0.0135792314
816	0.2110746436	0.0176969998
817	0.225544576	0.0250715491
818	0.2153955319	0.0270479252
819	0.2451831208	0.0325353228
820	0.2495026488	0.0344357645
821	0.1676124446	0.029575901
822	0.1466217704	0.0272630405
823	0.1732812579	0.0232190572
824	0.1395996142	0.01688501
825	0.1180802686	0.0100900439
826	0.137590126	0.0091672541
827	0.2146778123	0.0237163698
828	0.2254884956	0.0286404766
829	0.2183868622	0.0307245796
830	0.2260078553	0.0321274578
831	0.2214674855	0.0333038773
832	0.1243992671	0.0206677612
833	0.0950732292	0.0244958303
834	0.1221419307	0.0252499107
835	0.1001099396	0.0210419403
836	0.1147893469	0.029460018
837	0.1408742314	0.029460018
838	0.1192872538	0.0250997118
839	0.1473386171	0.0327938911
840	0.1672918991	0.0319080247
841	0.1662400932	0.0348850007
842	0.1528363457	0.0295766793
843	0.1740558051	0.0299425682
844	0.1568178457	0.0277295105
845	0.1290835293	0.0226043266
846	0.1259004174	0.0157846159
847	0.1895675411	0.0249972151
848	0.1777570392	0.0296907269
849	0.1719320216	0.0287378641
850	0.1865063996	0.0325448374
851	0.1874037524	0.034449039
852	0.1316029315	0.0309133822
853	0.1127570291	0.0261798926
854	0.1423057127	0.0256826127
855	0.1453325903	0.0241231978
856	0.1271613306	0.0208006323
857	0.1331246762	0.01517237
858	0.1725733644	0.0166014631
859	0.1531363203	0.0154838658
860	0.1533474337	0.0082911466
861	0.2171100766	0.0236220754
862	0.2215981059	0.0265059464
863	0.1805570741	0.0261508125
864	0.240079848	0.0330153879
865	0.2359817961	0.0348713991
866	0.1755560354	0.027653072
867	0.2613353997	0.0353194385
868	0.271121389	0.0390629646
869	0.2263440922	0.0333092617
870	0.227691707	0.0310593115
871	0.2188135243	0.0308666258
872	0.1532875671	0.0248164277
873	0.1054194871	0.0184109374
874	0.1501536566	0.0208204812
875	0.1639300001	0.0231464203
876	0.158080267	0.0234694323
877	0.1392568821	0.0172400188
878	0.1727417182	0.0237769595
879	0.1429141176	0.0213460629
880	0.1432446611	0.019406645
881	0.1619019781	0.0192769715
882	0.1453755423	0.0174990008
883	0.1225570493	0.0084271436
884	0.1739100768	0.0098424774
885	0.1544642022	0.0091084358
886	0.145673683	0.0067666045
887	0.2189348799	0.0254981964
888	0.2179434807	0.0260085253
889	0.1866052958	0.025734316
890	0.2678365484	0.0347211177
891	0.2878628445	0.0376628378
892	0.225384927	0.0333116556
893	0.2522897496	0.0379132914
894	0.2481961161	0.0405322923
895	0.1545067262	0.0284562838
896	0.1980057642	0.0329240169
897	0.2222360414	0.0334612931
898	0.1879744355	0.0287241557
899	0.2073829899	0.0282919187
900	0.2045520747	0.0321584352
901	0.1365516227	0.0292155666
902	0.1120623851	0.0298243026
903	0.2071472906	0.0312144206
904	0.2041336361	0.0292597651
905	0.3466076747	0.0634089371
906	0.5106927759	0.0749072368
907	0.7106619117	0.0815519214
908	0.7060629281	0.0548265872
909	0.60965601	0.0439276486
910	0.5625043303	0.048616926
911	0.4088492112	0.0374472818
912	0.1588548815	0.0157290092
913	1.6432729905	0.1265154764
914	1.3034153301	0.2713628221
915	1.1599577145	0.2605564389
916	1.0799546762	0.2498790819
917	1.0010156945	0.2391825104
918	1.3164041261	0.2573429874
919	0.2250403795	0.0197099244
920	0.007518797	0.0012966917
921	0.0063001508	0.001296078
922	0.007518797	0.0021174886
923	0.0067048515	0.0019816675
924	0.0040997197	0.0021174886
925	0.0041058662	0.0019816675
926	0.0062812314	0.0019816675
927	0.0063001508	0.0012966917
928	0.0063287445	0.0012966917
929	0.0053568696	0.0012966917
930	0.0033931229	0.0012966917
931	0.0033931229	0.0010592458
932	0.0033931229	0.0010592458
933	0	0.0012966917
934	0	0.0021164865
935	0.0033931229	0.0021164865
936	0.006806904	0.0021164865
937	0.0076335878	0.0019788553
938	0.0068486002	0.0026992789
939	0.0034348202	0.0016756085
940	0	0.0016756085
941	0	0.0019835468
942	0	0.0012991522
943	0.0069014444	0.0010602503
944	0.0109628958	0.0012991522
945	0.0225781509	0.0019863723
946	0.0294225048	0.0023752969
947	0.028785993	0.0021265506
948	0.0392017892	0.0016835876
949	0.0697551949	0.0010653016
950	0.1320706134	0.0010653016
951	0.1356207294	0.0062295293
952	0.1291457404	0.0377193286
953	1.375145078	0.0662401321
954	1.4317087776	0.0856231021
955	1.4455651326	0.0976601249
956	1.4441360762	0.0965020315
957	1.4010372291	0.1532791264
958	0.3660509009	0.178127546
959	0.2667393664	0.1631526892
960	0.1207988257	0.1110635953
961	0.0698877556	0.0034974783
962	0.5921654762	0.0759129288
963	0.599721874	0.0818369028
964	0.6123813501	0.0879350016
965	0.6226415094	0.0927972945
966	0.6135066968	0.0966101444
967	0.0115559069	0.0032982089
968	0.0115559069	0.0011007286
969	0.0115559069	0.0024642754
970	0.0029002179	0.0024642754
971	0.0029002179	0.0024642754
972	0.0029002179	0.0026223662
973	0.0084227421	0.0024642754
974	1.3043771419	0.0297302592
975	0.9901365714	0.0330629557
976	0.8401243657	0.0509202577
977	0.7958041956	0.058706205
978	0.6774028037	0.0682342545
979	0.5492813172	0.067527001
980	0.2107066096	0.07057551
981	0.2040229149	0.0087903524
982	0.0351214545	0.0023297429
983	0.0367781386	0.0028521275
984	0.0397578872	0.0026003076
985	0.0570773632	0.0027670638
986	0.065481711	0.0023198753
987	0.057962627	0.0018933683
988	0.0460117685	0.0023169313
989	0.022067685	0.0023149728
990	0.0224618469	0.0018885709
991	0.0268500482	0.0018885709
992	0.0297767105	0.0018853862
993	0.0303976686	0.0023071717
994	0.024554702	0.0021052632
995	0.0161858329	0.0018814203
996	0.0093224613	0.0018814203
997	0.0039694566	0.0017606482
998	0.0017088789	0.0017606482
999	0.004177899	0.0018814203
1000	0.0060694487	0.0018814203
1001	0.0096090996	0.0014855184
1002	0.0097855978	0.0009391298
1003	0.0069644453	0.0078272969
1004	0.004661138	0.0076617048
1005	0.004647219	0.0074589323
1006	0.0096975863	0.006776523
1007	0.0114498237	0.006776523
1008	0.0122617264	0.0014886459
1009	0.0068112122	0.0014886459
1010	0.0052235757	0.0023983497
1011	0.0058394492	0.0023983497
1012	0.0053511906	0.0031239252
1013	0.0045437728	0.0033287133
1014	0.0022107308	0.0035183348
1015	0.0050285344	0.0035183348
1016	0.0050285344	0.003453484
1017	0.0099431784	0.0011497115
1018	0.0136609946	0.0011497115
1019	0.0140369109	0.0011497115
1020	0.0112909757	0.0009391298
1021	0.0082163425	0.0009391298
1022	0.0077756508	0.0011497115
1023	0.0106558451	0.0011497115
1024	0.0158317778	0.0009391298
1025	0.0244151487	0.0009391298
1026	0.0251479191	0.0014855184
1027	0.0208291873	0.0009399193
1028	0.01520245	0.0011516454
1029	0.0082747172	0.0011521299
1030	0.0109529246	0.0011521299
1031	0.0180442786	0.0017606482
1032	0.0281784553	0.0024023924
1033	0.0416325611	0.0027495582
1034	0.0452891176	0.0025838499
1035	0.0458941021	0.0011569974
1036	0.0458040912	0.0023169313
1037	0.0373527117	0.0023169313
1038	0.0370983007	0.0024125591
1039	0.0388921605	0.0027635449
1040	0.0508213845	0.0024187005
1041	0.0738429315	0.0027670638
1042	0.0892782465	0.0024238423
1043	0.1012259783	0.00323088
1044	0.0972610273	0.0059267138
1045	0.0937839752	0.0059444888
1046	0.1064478469	0.0053931673
1047	0.1186527108	0.0040319584
1048	0.1241749193	0.0036172072
1049	0.10244294	0.0044922967
1050	0.0703197693	0.0039439649
1051	0.0559672056	0.0032997717
1052	0.0481687436	0.002486209
1053	0.053626149	0.0073262699
1054	0.0611123686	0.0069348194
1055	0.0810977773	0.0072322521
1056	0.104946205	0.0093863732
1057	0.5839010915	0.0632917789
1058	0.5717164031	0.0758927227
1059	0.5524375547	0.0763802129
1060	0.5206711223	0.0629592613
1061	0.4730014059	0.0025258436
1062	0.6841835022	0.0711245451
1063	0.6320343799	0.085823359
1064	0.5121488768	0.097116085
1065	0.3515458612	0.1042540003
1066	0.0250976598	0.1091919857
1067	0.001425801	0.0017496027
1068	0.0015247651	0.0023833098
1069	0.0022204368	0.0020876827
1070	0.0022219504	0.0020876827
1071	0.0020864478	0.0017459516
1072	0.0020864478	0.0025568786
1073	0.0020864478	0.0028044331
1074	0.0009337241	0.0022907677
1075	0.0007621227	0.0022907677
1076	0.0009337241	0.0022907677
1077	0.0020864478	0.0018688408
1078	0.0020864478	0
1079	0.0022204368	0
1080	0.0022840327	0.0018688408
1081	0.0018636358	0.0018696221
1082	0.0024051251	0.0017496027
1083	0.0015201006	0.0017496027
1084	0.0024051251	0.0014793029
1085	0.0028477196	0.000935202
1086	0.0028486892	0.0018688408
1087	0.0017035775	0.0018688408
1088	0.0015247651	0.0022907677
1089	0.0068376068	0.0023833098
1090	0.0090244838	0.0023833098
1091	0.0114586488	0.0017496027
1092	0.0153595841	0.0018696221
1093	0.0221393144	0.0009340301
1094	0.027972246	0.0011444266
1095	0.0256524107	0.0011444266
1096	0.0213663239	0.0017496027
1097	0.0143241245	0.002387302
1098	0.0100285251	0.0020964361
1099	0.0185479574	0.00175474
1100	0.0303695071	0.0017569509
1101	0.0411696616	0.0023973411
1102	0.0542876127	0.0023973411
1103	0.051009747	0.0074589323
1104	0.0420423532	0.0066127908
1105	0.0359531089	0.0066127908
1106	0.0321694964	0.0065817462
1107	0.0399805104	0.0058690512
1108	0.056254609	0.0017658506
1109	0.0603615726	0.0024084821
1110	0.0595306903	0.0032103622
1111	0.070618585	0.0043970402
1112	0.0716902357	0.0038601577
1113	0.0789862829	0.003229504
1114	0.0891697541	0.0032377777
1115	0.0818300058	0.0032433171
1116	0.0790006971	0.0035200679
1117	0.0716767988	0.0031842845
1118	0.0645492764	0.0021505376
1119	0.0826978695	0.00319526
1120	0.0949332645	0.002895211
1121	0.0878024207	0.0044339899
1122	0.0755147624	0.0053134268
1123	0.0585152654	0.0044571339
1124	0.0566610057	0.0037735312
1125	0.059308023	0.0015439013
1126	0.0547249954	0.0011969461
1127	0.0776122132	0.0035971271
1128	0.1293416354	0.0117948879
1129	0.1150011579	0.0165202726
1130	0.1242914487	0.0457953184
1131	0.1034269399	0.0549734955
1132	0.0945689026	0.0528602518
1133	0.0963216283	0.0308631286
1134	0.0033828562	0.0014142136
1135	0.0033828562	0.0016739896
1136	0.013470289	0.0230883951
1137	0.5984950755	0.0553253504
1138	0.7115367593	0.0612366061
1139	0.5898964559	0.0561862956
1140	0.4141366954	0.0320177158
1141	0.1427091372	0.0052014751
1142	0.0044475918	0.0025714376
1143	0.0016705775	0.0015961778
1144	0.0015632661	0.0015961778
1145	0.0015632661	0.0010090559
1146	0.0021295768	0.0010090559
1147	0.0025049305	0.0010090559
1148	0.0020429786	0.0010090559
1149	0.0016674631	0.0010090559
1150	0.0010207278	0.0010090559
1151	0.0038716283	0.0010090559
1152	0.0125015487	0.0015961778
1153	0.0150042607	0.0062808678
1154	0.0197665966	0.0062808678
1155	0.0227884993	0.0062808678
1156	0.0231286261	0.0062808678
1157	0.0217802563	0.0063991564
1158	0.0173296035	0.002473905
1159	0.0171783576	0.002473905
1160	0.0154345959	0.0025760855
1161	0.018099849	0.0020217613
1162	0.0239574877	0.0020217613
1163	0.0287954851	0.0010099675
1164	0.0339567577	0.0010099675
1165	0.0292253204	0.0010099675
1166	0.0177212279	0.0015961778
1167	0.0163098865	0.0018894761
1168	0.0199053804	0.0020208477
1169	0.0282314158	0.0020217613
1170	0.0320404645	0.0020217613
1171	0.0343689052	0.0010113378
1172	0.0371730625	0.0010113378
1173	0.0368676118	0.0012380709
1174	0.0358038211	0.0012380709
1175	0.0357816452	0.0012375114
1176	0.0298601291	0.0012375114
1177	0.0225220885	0.0010099675
1178	0.0223951604	0.0015961778
1179	0.01954567	0.0015961778
1180	0.0261918877	0.0015961778
1181	0.0338337388	0.0018894761
1182	0.0295454398	0.0020208477
1183	0.0320721489	0.0012380709
1184	0.0421619194	0.0012375114
1185	0.0717105963	0.0012375114
1186	0.088400306	0.0012375114
1187	0.0976829138	0.0012375114
1188	0.0931460768	0.0012380709
1189	0.081179653	0.0010113378
1190	0.0802795753	0
1191	0.0725253159	0.0010122535
1192	0.0888740879	0.0020263416
1193	0.1038128362	0.0018963283
1194	0.1082882041	0.0016034167
1195	0.0945306449	0.0020309428
1196	0.0600845205	0.0019006361
1197	0.0496657536	0.0029646214
1198	0.0544642638	0.0025948462
1199	0.0914642617	0.0019067002
1200	0.1244087194	0.0020392777
1201	0.1512036193	0.001614399
1202	0.2483603395	0.0073508046
1203	1.8059660029	0.0689087615
1204	1.387301926	0.0671050924
1205	1.150532654	0.0673969875
1206	0.9644480543	0.0683544558
1207	0.7878275917	0.0665520789
1208	0.2629536846	0.0135462387
1209	0.1529195757	0.0028090479
1210	0.1119502628	0.1352547919
1211	0.0980381126	0.1352547919
1212	0.3065326202	0.132854582
1213	0.3615658236	0.1262969175
1214	0.3876459173	0.1259179615
1215	0.4123501362	0.0380053198
1216	0.4307465792	0.0376155654
1217	0.3640063406	0.0396779448
1218	0.3145315203	0.0186109001
1219	0.524402909	0.0686055371
1220	0.794343577	0.1105936949
1221	0.8161070097	0.1263988958
1222	0.7819565726	0.1259349138
1223	0.6277269161	0.1217975092
1224	0.6376082511	0.1065172096
1225	0.3882143777	0.0583195002
1226	0.3576443408	0.0406367456
1227	0.5175438596	0.069878405
1228	0.6671746197	0.0774457568
1229	0.7075445386	0.0898805452
1230	0.6774311579	0.0896782547
1231	0.498739884	0.0709384563
1232	0.4984876106	0.0576494339
1233	0.4367559249	0.0461543653
1234	0.3707001697	0.0576657412
1235	0.6612244966	0.0998451403
1236	0.7160305579	0.1145944911
1237	0.7042414152	0.1144801385
1238	0.6064915738	0.1123378502
1239	0.6391217364	0.0990624591
1240	0.5288613095	0.080964838
1241	0.4450388202	0.0678414278
1242	0.4955012404	0.0683905987
1243	0.5654114138	0.0721945636
1244	0.5470932615	0.0721469226
1245	0.3795691697	0.0421411234
1246	0.4986533102	0.04262113
1247	0.4336459611	0.0482761045
1248	0.3665613877	0.0439572014
1249	0.3660029737	0.0440007003
1250	0.3597461997	0.0440568039
1251	0.2207661794	0.0218243672
1252	0.2524861901	0.0096863943
1253	0.1496512574	0.0618895545
1254	0.3751283019	0.0797855923
1255	0.3754652008	0.0798056663
1256	0.3568601745	0.0798056663
1257	0.369794374	0.081284603
1258	0.3757867972	0.048142231
1259	0.4022149419	0.0304131359
1260	0.4754523613	0.0369920738
1261	0.4746970784	0.0369607706
1262	0.424921547	0.0299301842
1263	0.4489339516	0.0269966571
1264	0.340526532	0.0362470932
1265	0.3527957878	0.0513185177
1266	0.3531566861	0.0513185177
1267	0.3396343644	0.0507902629
1268	0.4230766088	0.0647614275
1269	0.4202018705	0.0598199658
1270	0.5910184133	0.0598199658
1271	0.5910184133	0.0598199658
1272	0.5841582705	0.0599431118
1273	0.4855397694	0.0396138551
1274	0.6341739798	0.0639483497
1275	0.317547798	0.0466438825
1276	0.5064017612	0.0632449901
1277	0.5059576074	0.0631616881
1278	0.4954224312	0.0626936158
1279	0.4095182028	0.0366269935
1280	0.4898946933	0.0364226268
1281	0.9891241549	0.0722582901
1282	0.9025313753	0.0698103466
1283	0.8952238294	0.0694399976
1284	0.8651664987	0.0681391706
1285	0.8560055381	0.0725550297
1286	0.2527912128	0.029149444
1287	0.3593645672	0.0641796052
1288	0.4763786831	0.0647983781
1289	0.4882877732	0.067067481
1290	0.4910191039	0.0671656486
1291	1.1851989653	0.1157053894
1292	1.0228182165	0.0929103291
1293	0.8909603312	0.0933246033
1294	0.9096282057	0.0837752504
1295	0.933466552	0.0803116354
1296	0.2521176849	0.0236999782
1297	0.8139739462	0.0355455274
1298	0.7400413764	0.041581667
1299	0.7288888294	0.0419208047
1300	0.7402145279	0.0613556804
1301	0.7331131999	0.0643228647
1302	0.328990862	0.0613846765
1303	0.3345629625	0.0572305099
1304	0.328779812	0.0593158086
1305	0.1911622496	0.0480584245
1306	0.2294066178	0.0395894245
1307	0.2097750297	0.0386207238
1308	0.1701475883	0.0407933527
1309	0.206263029	0.0354918581
1310	0.1811577262	0.0291209191
1311	0.1577652369	0.0381799775
1312	0.2072387626	0.0350578895
1313	0.2023323734	0.0311856333
1314	0.1653726336	0.0307231302
1315	0.2064755664	0.022073109
1316	0.2379447209	0.0159729223
1317	0.2313697778	0.0116682369
1318	0.2524214273	0.0126100337
1319	0.2501063604	0.0139505496
1320	0.2269834388	0.0140819296
1321	0.2269834388	0.0109667767
1322	0.2137120168	0.0126533852
1323	0.2130082248	0.0099935772
1324	0.2207016603	0.0132780652
1325	0.18625687	0.0136418379
1326	0.1637723572	0.013667426
1327	0.1031346053	0.0148381289
1328	0.1486035375	0.0174132641
1329	0.1409221455	0.0165013788
1330	0.1435682136	0.015835443
1331	0.1535718074	0.015592141
1332	0.1584259085	0.0120543451
1333	0.1126501031	0.0087336848
1334	0.1231076055	0.0081400318
1335	0.133376424	0.0138885586
1336	0.1190801964	0.012967009
1337	0.1313704762	0.0184747177
1338	0.126220858	0.0185142843
1339	0.1351697753	0.0208803473
1340	0.1351697753	0.0173521177
1341	0.1373444841	0.0201290462
1342	0.1373444841	0.017199498
1343	0.1389453067	0.017312501
1344	0.1301636241	0.0111854242
1345	0.1296136805	0.0149160303
1346	0.1283282423	0.0133456792
1347	0.1262771742	0.0138996816
1348	0.128263287	0.0140419453
1349	0.1092296671	0.01379338
1350	0.1222099293	0.01379338
1351	0.1168003033	0.0144474923
1352	0.1137963613	0.0144474923
1353	0.1093789345	0.0160452374
1354	0.1315140804	0.0171093444
1355	0.1129565976	0.0176458509
1356	0.1151931049	0.0176458509
1357	0.1146042397	0.0169321365
1358	0.1068865735	0.0171837979
1359	0.0907708637	0.0153175409
1360	0.0652564899	0.0111932403
1361	0.0776549005	0.0116682369
1362	0.0801664966	0.0162503691
1363	0.0942397209	0.0170462751
1364	0.0860904771	0.0170685455
1365	0.0944548596	0.015462791
1366	0.0672052218	0.0119128088
1367	0.0952432712	0.015441246
1368	0.0867990967	0.0174166142
1369	0.090528727	0.0176312038
1370	0.0932262857	0.0188595409
1371	0.1129932232	0.0208990596
1372	0.0881961328	0.0243818886
1373	0.085690492	0.0241960212
1374	0.0865170576	0.0255798635
1375	0.0877376965	0.0241063909
1376	0.0608409581	0.0191306952
1377	0.0760327778	0.0191306952
1378	0.0737549353	0.0141384105
1379	0.0910902279	0.0211934753
1380	0.1002130513	0.0232472918
1381	0.0923814593	0.0231925399
1382	0.0828802508	0.0186006525
1383	0.0873463977	0.0184525021
1384	0.0967009814	0.0158531089
1385	0.107787114	0.013994896
1386	0.1067867047	0.0167692006
1387	0.1087965467	0.0160183066
1388	0.100625544	0.0167366522
1389	0.0826360408	0.0160159577
1390	0.0643639225	0.0141340247
1391	0.0970613715	0.0122816096
1392	0.0839826496	0.0169935946
1393	0.0911048721	0.0158675274
1394	0.0930496638	0.0161507618
1395	0.0961094872	0.0138050918
1396	0.0365407925	0.0058271855
1397	0.0671277937	0.0138614902
1398	0.0826034213	0.0170087493
1399	0.0730659688	0.0180041855
1400	0.0656834431	0.0175585432
1401	0.0761493877	0.0177861211
1402	0.0693262855	0.0142036986
1403	0.0538883787	0.0045146727
1404	0.0656181413	0.0107035157
1405	0.1152209742	0.012784827
1406	0.120979032	0.017884642
1407	0.1258829316	0.0181068041
1408	0.1276904387	0.0189655897
1409	0.1225905015	0.0158639762
1410	0.0806896159	0.0060661231
1411	0.0790091423	0.0085439089
1412	0.089538713	0.016190071
1413	0.0942680408	0.0176323966
1414	0.096967808	0.0182478018
1415	0.0845673933	0.0182478018
1416	0.0829657981	0.0175948972
1417	0.0096160616	0.0027460647
1418	0.1178230938	0.010650175
1419	0.1267247066	0.0112492292
1420	0.1261244592	0.0145418722
1421	0.1271331075	0.0148300331
1422	0.1236208081	0.0183405391
1423	0.1015276606	0.0324966173
1424	0.1023897842	0.0325542689
1425	0.0921554811	0.0289010987
1426	0.0980253632	0.0289010987
1427	0.1011773545	0.0302026405
1428	0.0783131992	0.007122247
1429	0.0392544132	0.004021705
1430	0.0855022837	0.0147879089
1431	0.0902779518	0.0167636964
1432	0.086284085	0.0202168064
1433	0.1506093049	0.036661681
1434	0.367435141	0.0826931438
1435	0.5834058648	0.0932010445
1436	0.8254074451	0.0709498865
1437	0.8975358773	0.0559564599
1438	0.6018048944	0.0545278008
1439	0.4294129721	0.0347898333
1440	1.2447179942	0.0606226933
1441	1.4858156567	0.2517983377
1442	1.1085333621	0.2312757113
1443	1.0319195323	0.2230333002
1444	0.9542753596	0.2127893505
1445	1.1098619332	0.2252894798
1446	0.8321395527	0.1049315118
1447	0.0095032105	0.0019723244
1448	0.0094618322	0.0021075099
1449	0.0060539799	0.0021075099
1450	0.0060539799	0.0021075099
1451	0.0039575329	0.002685293
1452	0.0039575329	0.0016637807
1453	0.0032359884	0.008613407
1454	0.0051239622	0.0087696769
1455	0.0032453817	0.008613407
1456	0.0039805418	0.0080169385
1457	0.0039863359	0.007594324
1458	0.0032595743	0.0019723244
1459	0.0032595743	0.0019723244
1460	0.0032691052	0.0021075099
1461	0.004009682	0.0021065172
1462	0.004009682	0.0021065172
1463	0.004009682	0.0021075099
1464	0.0040155613	0.0021075099
1465	0.004009682	0.0023584906
1466	0.004009682	0.001974186
1467	0.0040155613	0.0019723244
1468	0.0032835066	0.0019723244
1469	0.0032835066	0.0016677047
1470	0	0.001290581
1471	0.0032931782	0.001290581
1472	0.012830006	0.0016677047
1473	0.0228262735	0.001974186
1474	0.0316058273	0.0026929037
1475	0.0261508125	0.0026980015
1476	0.0764911537	0.0023696682
1477	0.131153807	0.0021215066
1478	0.17914062	0.0184934837
1479	0.1642428724	0.0270168446
1480	1.1821698532	0.0659727885
1481	0.9468086442	0.0731910855
1482	0.965736187	0.0880478674
1483	0.9682629787	0.0906423986
1484	0.7902804676	0.0978091125
1485	0.6484776681	0.1227415811
1486	0.5848679055	0.139293295
1487	0.4582956943	0.1122313807
1488	0.3146997935	0.0578961989
1489	0.4307076078	0.0502075858
1490	0.4020181249	0.0460238148
1491	0.3353611535	0.0499717442
1492	0.3231695177	0.0545747538
1493	0.3085836766	0.0585259861
1494	0.1745111679	0.036898854
1495	0.0027331465	0.001670647
1496	0.0027331465	0.0024494897
1497	0.0027331465	0.0026865054
1498	0.0022338341	0.002004008
1499	0.0022338341	0.0017938772
1500	0	0.0010989618
1501	0.8100042163	0.0010989618
1502	1.1394161813	0.011202567
1503	0.9735578843	0.0573347769
1504	0.840837571	0.0676340357
1505	0.7490421238	0.0697715887
1506	0.9334887417	0.0832033693
1507	0.426460458	0.0727263713
1508	0.3968313819	0.0694227981
1509	0.4676834057	0.0744504258
1510	0.5659202026	0.0799116703
1511	0.5088736457	0.0390832817
1512	0.3260903849	0.0146524582
1513	0.2541873792	0.0060167996
1514	0.1845607726	0.0052810349
1515	0.1304129434	0.0062775354
1516	0.1016772587	0.0055677875
1517	0.0753000263	0.0038409717
1518	0.0583148438	0.0025642442
1519	0.0523370566	0.0012839254
1520	0.0487158561	0.001963069
1521	0.0398933071	0.003062096
1522	0.0317788198	0.0026789836
1523	0.0197791968	0.0019676859
1524	0.0116959064	0.0016637807
1525	0.0097626608	0.002685293
1526	0.0220097493	0.002685293
1527	0.0317788198	0.0023584906
1528	0.0417698447	0.0030736456
1529	0.0327169399	0.0028885492
1530	0.0414101629	0.0026865585
1531	0.0506568301	0.0026865585
1532	0.0611914037	0.0021065172
1533	0.0705001666	0.001290581
1534	0.0716735847	0.0019695387
1535	0.0733445522	0.0023529412
1536	0.0575408941	0.0019676859
1537	0.048753664	0.0019676859
1538	0.0535707241	0.0019676859
1539	0.0586406754	0.002685293
1540	0.0465891477	0.0023584906
1541	0.0488693174	0.001974186
1542	0.0341361894	0.001974186
1543	0.0211110069	0.0012930183
1544	0.0284352112	0.0012930183
1545	0.049586129	0.0010552468
1546	0.0534112856	0.0010552468
1547	0.0539521866	0.0016677047
1548	0.0648338174	0.0016677047
1549	0.0568994803	0.0021065172
1550	0.0637252652	0.0019695387
1551	0.0661676969	0.0016637807
1552	0.0457537612	0.0019676859
1553	0.034327132	0.0059141849
1554	0.024462298	0.0059141849
1555	0.0354875465	0.0059141849
1556	0.041675651	0.0059141849
1557	0.0464915366	0.0056281643
1558	0.0288632925	0.0010517723
1559	0.0196918889	0
1560	0.0388148996	0.0010517723
1561	0.0447674975	0.0010517723
1562	0.0445664636	0.0012875471
1563	0.040428761	0.0012869421
1564	0.0471199098	0.0010502903
1565	0.063485727	0.0010502903
1566	0.074557985	0
1567	0.0716256869	0
1568	0.0573970282	0.0010493045
1569	0.0543135444	0.0016598751
1570	0.056339931	0.0035650566
1571	0.0559736258	0.0042110508
1572	0.0569629548	0.005380724
1573	0.0948729579	0.0033432945
1574	0.1373731932	0.0021174886
1575	0.1704567488	0.0019816675
1576	0.1910651771	0.0016756085
1577	0.2114791661	0.0035971895
1578	0.3167672919	0.0046347096
1579	0.4296189934	0.0054865893
1580	0.5314412004	0.0157004414
1581	0.5967547448	0.0784143218
1582	0.6295302886	0.1079766663
1583	0.632939866	0.1104316885
1584	0.5803496159	0.0944066635
1585	0.4695825664	0.0354502987
1586	1.3428368161	0.0394556657
1587	1.0317230273	0.0913116908
1588	0.7305719022	0.1124257436
1589	0.4387959989	0.1174608426
1590	0.0578099054	0.0642714997
1591	0.0023568096	0.001302241
1592	0.0023568096	0.0019910995
1593	0.0023568096	0.0016835876
1594	0.0023568096	0.0016835876
1595	0.0019259845	0.0016835876
1596	0	0.0016835876
1597	0	0.0016835876
1598	0.0019259845	0.0019929967
1599	0.0141728139	0.0019929967
1600	0.0217216322	0.0013053445
1601	0.0258684637	0.0013053445
1602	0.0234749284	0.0016835876
1603	0.0086567885	0.0046479706
1604	0.0058943964	0.0046479706
1605	0.0068747737	0.0049419546
1606	0.0101639454	0.0051642409
1607	0.0205143851	0.0049419546
1608	0.0214261481	0.001302241
1609	0.0179434553	0.001302241
1610	0.0150957728	0.001302241
1611	0.0102649069	0.001302241
1612	0.0105974786	0.00106277
1613	0.0262068209	0.00106277
1614	0.0265884737	0
1615	0.0253271607	0.0010617607
1616	0.0256789268	0.0012997688
1617	0.0392158696	0.0019835468
1618	0.0463433778	0.0019835468
1619	0.0560315678	0.0016756085
1620	0.0670479695	0.0026992789
1621	0.0803900152	0.0030838233
1622	0.0882823128	0.0030838233
1623	0.0680275656	0.0019769849
1624	0.0321053582	0.0012936291
1625	0.0136065888	0.0012936291
1626	0.0135887558	0.0010567429
1627	0.0168298818	0.0012936291
1628	0.0181826042	0.0012936291
1629	0.0162531326	0.0019769849
1630	0.01789943	0.0019769849
1631	0.02149202	0.0019769849
1632	0.0382456857	0.0016716472
1633	0.037904067	0.0016716472
1634	0.0296594627	0.0012936291
1635	0.0292568623	0.0012936291
1636	0.0371617368	0.0012936291
1637	0.0400891863	0.0012930183
1638	0.058208222	0.0016677047
1639	0.0836128283	0.0019723244
1640	0.0894735683	0.0021075099
1641	0.0920542113	0.0016637807
1642	0.0481166397	0.0012875471
1643	0.016133128	0.0019676859
1644	0.0189403602	0.0019676859
1645	0.0308711758	0.0021025557
1646	0.0481966937	0.0021025557
1647	0.052035181	0.0019676859
1648	0.0325912031	0.0012875471
1649	0.0239882459	0.0019676859
1650	0.0264480801	0.0016637807
1651	0.0337482838	0.0010527627
1652	0.03388647	0.0012899731
1653	0.0174626157	0.0059281532
1654	0.0215359111	0.0058836955
1655	0.0357679237	0.0070030203
1656	0.0559011691	0.0078222283
1657	0.0816486135	0.0080940453
1658	0.0917473673	0.0038590129
1659	0.1169591165	0.0012839254
1660	0.1155986256	0.0012839254
1661	0.1113308946	0.0012845276
1662	0.1025016847	0.0012845276
1663	0.0818571754	0.0012845276
1664	0.0817537952	0.0012845276
1665	0.0680804284	0.0012845276
1666	0.0716266304	0.0012845276
1667	0.0664722473	0.0012839254
1668	0.0661798818	0.0020976247
1669	0.0585709278	0.001963069
1670	0.0749238542	0.0035650566
1671	0.1001391995	0.0048837592
1672	0.1237805764	0.003729101
1673	0.1511747639	0.0035802056
1674	0.2903615847	0.0016716472
1675	0.4681909627	0.0097021922
1676	0.5250634473	0.0193965134
1677	0.4767985725	0.0812436084
1678	0.2125111486	0.094148882
1679	0.1699622212	0.0895304149
1680	0.056591749	0.0584465602
1681	0.0413497635	0.001670647
1682	0.0032359884	0.001670647
1683	0.2076333644	0.0472229851
1684	0.748044346	0.0617840019
1685	0.6647686245	0.0650537549
1686	0.5111897785	0.0558067581
1687	0.3110817441	0.0055979764
1688	0.0027631142	0.0020162921
1689	0.0015603507	0.0015961778
1690	0.0015586066	0.0010099675
1691	0.0013167724	0.0015961778
1692	0.0013167724	0.0018894761
1693	0.0015574461	0.0022573363
1694	0.0015557085	0.0025702782
1695	0.0021216513	0.0030258024
1696	0.0024243966	0.0034187897
1697	0.0040356447	0.002937901
1698	0.01158065	0.0030244382
1699	0.0173441286	0.0027646611
1700	0.0369193248	0.0027646611
1701	0.044554204	0.0012375114
1702	0.0397977928	0.0012380709
1703	0.0309998985	0.0064136669
1704	0.0113018885	0.0062951166
1705	0.0175724497	0.0066110566
1706	0.022000683	0.0061322088
1707	0.0269170082	0.006496289
1708	0.027363471	0.0022624434
1709	0.0256820493	0.0018920399
1710	0.0321103813	0.0015997891
1711	0.0239456571	0.0015997891
1712	0.0239429998	0.0010122535
1713	0.023934346	0.0015997891
1714	0.0239196796	0.0015997891
1715	0.0265958673	0.0018920399
1716	0.0266690014	0.0012380709
1717	0.0367010949	0.0012380709
1718	0.0504196195	0.0012380709
1719	0.0560470837	0.0018920399
1720	0.0635122173	0.0015997891
1721	0.062936998	0.0015997891
1722	0.0573118194	0.0015997891
1723	0.0529660565	0.0010122535
1724	0.0348140304	0
1725	0.0290565069	0
1726	0.0257299223	0.0020254239
1727	0.0354083055	0.0024795046
1728	0.0658974137	0.002581919
1729	0.0895834869	0.0029552141
1730	0.0929699059	0.0027771993
1731	0.074777052	0.0024828765
1732	0.0675312604	0.0020309428
1733	0.0663135172	0.0020309428
1734	0.0774871234	0.0020309428
1735	0.0964500247	0.0020309428
1736	0.0841482097	0.0019006361
1737	0.0880347543	0.0012436934
1738	0.073119656	0.0016070609
1739	0.0658807846	0.0034514681
1740	0.0779496919	0.0049473947
1741	0.0893030895	0.0047408416
1742	0.1047048681	0.003473603
1743	0.1491569916	0.0034831766
1744	0.2247784924	0.0029987132
1745	1.8339409827	0.0815741345
1746	1.3987731925	0.0788015329
1747	1.1585962728	0.0776140496
1748	0.9794779002	0.0758467793
1749	0.8199606869	0.0743882164
1750	0.3382121159	0.0151536851
1751	0.1653815589	0.1222924869
1752	0.1084474861	0.1362851671
1753	0.1823340677	0.1327886941
1754	0.2371244313	0.1327886941
1755	0.2724251852	0.1330793623
1756	0.3046058703	0.053495056
1757	0.3810983057	0.0402445231
1758	0.1277628217	0.0272541927
1759	0.1334685179	0.0482522386
1760	0.3997395525	0.0663252467
1761	0.3997395525	0.0661168333
1762	0.3480554708	0.0635123065
1763	0.3546903752	0.0610927551
1764	0.3404210838	0.0392295376
1765	0.2687795106	0.0375881788
1766	0.4086257716	0.0512308451
1767	0.4103321995	0.0511766725
1768	0.404487595	0.0511766725
1769	0.4365365181	0.0540408586
1770	0.3411963724	0.0575224482
1771	0.3411963724	0.0587248904
1772	0.3405062824	0.0587248904
1773	0.3804492801	0.0643777341
1774	0.3429836547	0.0590669866
1775	0.3226836959	0.0448962876
1776	0.2598532509	0.0303535919
1777	0.2786959123	0.0311009638
1778	0.2719085582	0.0152867088
1779	0.2938031532	0.014581378
1780	0.3068157298	0.0061234176
1781	0.3542771069	0.0054784325
1782	0.3326930132	0.007464823
1783	0.3042824426	0.0086415313
1784	0.2780339493	0.0086938049
1785	0.2926688754	0.0115470857
1786	0.2132544955	0.0122928823
1787	0.1858439538	0.0184355513
1788	0.2645864138	0.0247845579
1789	0.4791420361	0.0349812541
1790	0.4690696632	0.0329810902
1791	0.5685127295	0.0484011664
1792	0.6071942087	0.0541402439
1793	0.5838429386	0.0512864184
1794	0.6102015722	0.0511707274
1795	0.6615258108	0.0639122697
1796	0.5924567334	0.0530439512
1797	0.6691656133	0.0487443784
1798	0.6854915758	0.0560369962
1799	0.6262010481	0.0603162142
1800	0.5290585612	0.0491783303
1801	0.5436531974	0.0489351272
1802	0.5838776047	0.0500697634
1803	0.5692451488	0.05380638
1804	0.5228973799	0.0380760455
1805	0.5361962421	0.0369607706
1806	0.4685173493	0.037702024
1807	0.3562992174	0.0294232259
1808	0.1167045614	0.025269342
1809	0.1095619611	0.0220037033
1810	0.077840624	0.0180680463
1811	0.1406119998	0.0168392444
1812	0.2306408545	0.0259015844
1813	0.2534438513	0.0275771007
1814	0.2530937602	0.0292024949
1815	0.2577433796	0.0299336862
1816	0.2608069612	0.0310845607
1817	0.1517633758	0.0162245755
1818	0.1911538539	0.0175591416
1819	0.1864924782	0.0166050294
1820	0.1755271948	0.0145058098
1821	0.1637157773	0.0150925697
1822	0.1621738574	0.0098117429
1823	0.0877977464	0.0099227849
1824	0.0797263276	0.0093556853
1825	0.0697915665	0.0066138018
1826	0.0636453291	0.0048654136
1827	0.0637845773	0.0091935184
1828	0.0324420272	0.0117650371
1829	0.0493702533	0.0116659521
1830	0.0732855442	0.0125413266
1831	0.0743215788	0.0083589682
1832	0.0752992867	0.0082397571
1833	0.0719419618	0.0086900678
1834	0.0792829489	0.0168841868
1835	0.0794446271	0.0168841868
1836	0.0819109225	0.0173943663
1837	0.1186381143	0.0196954343
1838	0.1305486606	0.0169630451
1839	0.1254415577	0.01361378
1840	0.1269490696	0.0146554007
1841	0.1269490696	0.0138573654
1842	0.110349474	0.0152552368
1843	0.115213339	0.0164231923
1844	0.1158688163	0.0183578781
1845	0.1132034629	0.01812512
1846	0.1039618192	0.0141736326
1847	0.0884077871	0.0139788254
1848	0.0493396463	0.0144286206
1849	0.081174763	0.0120441504
1850	0.1030900395	0.0119706895
1851	0.1006595268	0.0129397389
1852	0.1004331031	0.0153593456
1853	0.1037520032	0.0149367696
1854	0.0798286073	0.0144286206
1855	0.1090514772	0.014903324
1856	0.1083594039	0.0110764231
1857	0.114530361	0.0164231923
1858	0.1333198211	0.0172007514
1859	0.1357025861	0.0180537121
1860	0.1172323687	0.020052753
1861	0.1200702123	0.019590557
1862	0.0995073926	0.0159221674
1863	0.0868637375	0.0166213611
1864	0.0499020943	0.0156587776
1865	0.0423374893	0.0087895354
1866	0.0661411508	0.0136203671
1867	0.1136641529	0.0181006356
1868	0.1467465463	0.0193653268
1869	0.1612351551	0.0218056022
1870	0.1811263591	0.0226015013
1871	0.1673395535	0.0204302448
1872	0.1572267381	0.0195790012
1873	0.1382331382	0.0194141802
1874	0.1395203826	0.0202465868
1875	0.1499211395	0.0200548293
1876	0.1685437099	0.0198135439
1877	0.305207527	0.059434151
1878	0.5401450437	0.0945135801
1879	0.8202093688	0.0958134618
1880	0.9804776787	0.0740709854
1881	0.9840110717	0.0430622767
1882	0.5042608011	0.0468596142
1883	1.0510219338	0.0764090495
1884	1.5560357391	0.2624513378
1885	1.2871615122	0.2385897914
1886	1.1930922716	0.2279121164
1887	1.1037035488	0.2156171943
1888	1.2206718741	0.2254082228
1889	0.45485766	0.0372173022
1890	0.0130128239	0.0012690513
1891	0.0088111142	0.0010356961
1892	0.0081791637	0.0010356961
1893	0.0081791637	0.0012690513
1894	0.0064070716	0.0010356961
1895	0.0032127413	0.0010356961
1896	0.0032127413	0.0012690513
1897	0	0.0012696397
1898	0	0.0019403062
1899	0	0.001640619
1900	0	0.001640619
1901	0.003222	0.001640619
1902	0.0039518222	0.0019403062
1903	0.0039575329	0.0078864302
1904	0.0032359884	0.0078864302
1905	0	0.0074705803
1906	0.0032453817	0.0077865056
1907	0.0032453817	0.0074705803
1908	0.0032453817	0.001640619
1909	0.0032453817	0.0019421078
1910	0.0032453817	0.001640619
1911	0.0032453817	0.001640619
1912	0.0039805418	0.0019403062
1913	0.0039863359	0.0019403062
1914	0.0032595743	0.0012690513
1915	0.0065477832	0.0020733129
1916	0.0131727127	0.0023201856
1917	0.0309961754	0.0026491065
1918	0.0445110832	0.0028482439
1919	0.0578619624	0.0012755532
1920	0.0621245313	0.0010419702
1921	0.0578150577	0.0010429422
1922	0.0661669541	0.0016482676
1923	0.0715902503	0.0026552758
1924	0.0976915726	0.0030335981
1925	0.0801721657	0.0201428212
1926	0.1647088905	0.0206835053
1927	1.3421277035	0.0389144198
1928	1.3747818631	0.0773470802
1929	1.3369218323	0.0846080205
1930	1.0773368015	0.1134634221
1931	1.0352218846	0.1453092613
1932	0.5993321708	0.1596462362
1933	0.4960498991	0.1176919036
1934	0.5264455347	0.0410891263
1935	0.5336209065	0.0281247198
1936	0.5090982749	0.0333433083
1937	0.4925763897	0.0379470395
1938	0.4315226137	0.0396219546
1939	0.0824694695	0.0315825394
1940	0.0065585537	0.0029676665
1941	0.0022563754	0.002004008
1942	0	0.0026908159
1943	0	0.0024593271
1944	1.3617759958	0.0147682605
1945	1.0193493662	0.024928595
1946	0.9071113212	0.0259131369
1947	0.8766713201	0.0305721985
1948	0.6863114693	0.0523728644
1949	0.5815089283	0.0612981347
1950	0.6636110584	0.071639391
1951	0.5701254411	0.0514929975
1952	0.3410367798	0.0226345157
1953	0.1851902891	0.012309963
1954	0.0865494273	0.0098662739
1955	0.0407793552	0.0074758337
1956	0.0283945059	0.0063964281
1957	0.0425340102	0.0055573646
1958	0.0748052719	0.0019769849
1959	0.1013731683	0.0012936291
1960	0.1063443832	0.0012936291
1961	0.0883180256	0.0012936291
1962	0.0403414326	0.0028953779
1963	0.0130718954	0.0025909298
1964	0.0156996018	0.0031762329
1965	0.0949558738	0.0023696682
1966	0.1724486013	0.0044437736
1967	0.2167539369	0.0044437736
1968	0.2254815239	0.003605742
1969	0.1559908654	0.003605742
1970	0.1944026791	0.0031029045
1971	0.2950329268	0.0016795886
1972	0.4322968657	0.0019882605
1973	0.4726351808	0.0762533517
1974	0.4545795609	0.101524887
1975	0.3745836173	0.0989430605
1976	0.2345997006	0.0794393854
1977	1.2050798898	0.0375178083
1978	1.1692917665	0.0948190281
1979	0.8598145738	0.1200374425
1980	0.5716732042	0.1305510463
1981	0.2132946047	0.1281170135
1982	0.0021786896	0.0010678453
1983	0.003330653	0.0013084629
1984	0.0133972782	0.0013090883
1985	0.0224140699	0.0010693773
1986	0.027030545	0.0010693773
1987	0.0248962656	0
1988	0.0230142341	0.0010693773
1989	0.0263747104	0.0013090883
1990	0.0285186177	0.0013090883
1991	0.0363793457	0.0019977556
1992	0.0538488431	0.0019958493
1993	0.0722454913	0.0021326352
1994	0.096278456	0.0021316187
1995	0.1106919623	0
1996	0.1087774361	0.0021275623
1997	0.10077751	0.0021265506
1998	0.0857118081	0.0023752969
1999	0.0734252828	0.0019863723
2000	0.0640142014	0.0012991522
2001	0.0481821979	0.0012997688
2002	0.0379329603	0.0019863723
2003	0.0441928459	0.0055838283
2004	0.0953336537	0.0055838283
2005	0.2163588726	0.0051642409
2006	0.3105549914	0.0076705576
2007	0.3953888748	0.0076705576
2008	0.4588659594	0.0070362029
2009	0.4895856741	0.0386077094
2010	0.5500750658	0.0796748069
2011	0.5348447627	0.0836521792
2012	0.3427285226	0.0733435465
2013	0.0744349742	0.0382395333
2014	0.0716626944	0.0373088367
2015	0.7275496793	0.0535071228
2016	0.6643871436	0.058364038
2017	0.5260659267	0.0505971257
2018	0.3459816931	0.0124176559
2019	0.0016863258	0.0018852186
2020	0.0083398501	0.0012352787
2021	0.0143168704	0.0012352787
2022	0.0148599597	0.0012347217
2023	0.0130105301	0.0012347217
2024	0.0057377111	0.0012352787
2025	0.0073824695	0.0018877708
2026	0.0265379783	0.0022573363
2027	0.0434493478	0.0020208477
2028	0.0479372471	0.0012380709
2029	0.0444772059	0.0010113378
2030	0.0270503578	0.0012380709
2031	0.017708066	0.0012380709
2032	0.0224452002	0.0012380709
2033	0.0279488243	0.0020208477
2034	0.0326485976	0.0018894761
2035	0.0362394154	0.0018894761
2036	0.0446662257	0.0018894761
2037	0.0501803024	0.0015961778
2038	0.0557741399	0.0012375114
2039	0.0765714533	0.0012380709
2040	0.084594058	0.0012380709
2041	0.0771955409	0.0018894761
2042	0.0568803472	0.0018894761
2043	0.0126000864	0.0015961778
2044	0.0213707857	0.0010090559
2045	0.0425686981	0.0010090559
2046	0.0778587439	0.0020208477
2047	0.1037972596	0.0020217613
2048	0.1134883382	0.0022624434
2049	0.1050473692	0.0018937529
2050	0.0824717089	0.0018963283
2051	0.0829812454	0.0022675737
2052	0.0935975097	0.0020300209
2053	0.1374946535	0.0059346403
2054	0.163523536	0.0052513068
2055	0.1623284509	0.0049519149
2056	0.1659434351	0.0040916157
2057	0.1637413341	0.0020495582
2058	0.2725725	0.0010238406
2059	1.7974021312	0.067773977
2060	1.5630630473	0.0670158814
2061	1.3986049736	0.0685235799
2062	1.1076437055	0.0617214243
2063	0.9348584487	0.0546130698
2064	0.3734896443	0.0400730692
2065	0.4338518738	0.0405188188
2066	0.3963128021	0.033250992
2067	0.3553389039	0.0245160491
2068	0.3133393905	0.0151513847
2069	0.2396935815	0.0158138062
2070	0.2403000952	0.0163706004
2071	0.1434748801	0.0108658251
2072	0.1444345018	0.0093111758
2073	0.1579951983	0.0097117655
2074	0.1931319175	0.0128053554
2075	0.0874944969	0.0123482815
2076	0.1160888238	0.0128053554
2077	0.0884842597	0.0126732801
2078	0.0804698994	0.0105863225
2079	0.0996018664	0.0092726822
2080	0.0720458132	0.0094860207
2081	0.1483261887	0.0359843926
2082	0.1813545204	0.0353996124
2083	0.1912506769	0.0374296636
2084	0.1819507604	0.0379656563
2085	0.2036177166	0.04430675
2086	0.1681009273	0.0277944726
2087	0.1041614794	0.0146623093
2088	0.1261185943	0.0148770274
2089	0.1091249816	0.011301126
2090	0.0920431622	0.0096127666
2091	0.0967879781	0.016376526
2092	0.1293833254	0.0246773476
2093	0.1056911907	0.0233558528
2094	0.1000826488	0.0233558528
2095	0.1083251446	0.0240527582
2096	0.088676826	0.0143156653
2097	0.0639535575	0.0096353602
2098	0.0452575822	0.0100435848
2099	0.0451695157	0.0101835015
2100	0.0477416181	0.0095190252
2101	0.0388633634	0.0107249554
2102	0.0363353942	0.0104614257
2103	0.0374772071	0.0089972773
2104	0.0195626447	0.0088849601
2105	0.0353239171	0.007835765
2106	0.0389558475	0.0096468523
2107	0.0461009538	0.0096004732
2108	0.0418553174	0.0107833177
2109	0.0569905712	0.0104941609
2110	0.1060912501	0.0092432259
2111	0.1044238512	0.0092634076
2112	0.1073968988	0.0092634076
2113	0.1062879653	0.0078047748
2114	0.087133431	0.0079188763
2115	0.0439415584	0.0079465889
2116	0.0630152036	0.0085087685
2117	0.0715020908	0.0118679674
2118	0.074634769	0.010311775
2119	0.0715206088	0.0103530024
2120	0.061473954	0.0099402974
2121	0.0725990524	0.0134710533
2122	0.3077552095	0.0840153489
2123	0.5954805407	0.1108770076
2124	0.889499436	0.1081351874
2125	1.2214442862	0.080911023
2126	1.0050571082	0.041173501
2127	0.9881043079	0.1529871327
2128	1.5163183308	0.2503199578
2129	1.3072999479	0.2243401726
2130	1.2476577028	0.2130120943
2131	1.1843454001	0.2007826409
2132	1.3609041881	0.2162948284
2133	0.4831603021	0.0336866823
2134	0.0064282435	0.0019358168
2135	0.0040581996	0.0019358168
2136	0.004961255	0.0019358168
2137	0.0049522835	0.0019358168
2138	0.0040362238	0.0019358168
2139	0.0040362238	0.0019358168
2140	0	0.0019358168
2141	0.004021705	0.002068518
2142	0.0049167195	0.0020675617
2143	0.0719491868	0.0010333031
2144	0.0708243215	0.0010333031
2145	0.0708243215	0.0012661178
2146	0.0719491868	0.0012661178
2147	0.0730124158	0.0012661178
2148	0.0063703314	0.0010333031
2149	0.0049522835	0.002068518
2150	0.004961255	0.0020675617
2151	0.0040581996	0.0020675617
2152	0	0.002068518
2153	0	0.00980252
2154	0.0040581996	0.0101712638
2155	0.004961255	0.0099346259
2156	0.0049522835	0.0096638635
2157	0.0049522835	0.0096638635
2158	0.0049522835	0.0010347376
2159	0.004961255	0.0010356961
2160	0.0040581996	0.0010356961
2161	0	0.0010356961
2162	0.0040581996	0.0016368213
2163	0.0080870451	0.0016368213
2164	0.0075510833	0.0010347376
2165	0.0063703314	0.0016368213
2166	0.004021705	0.0016368213
2167	0.0154647394	0.0010356961
2168	0.0160004864	0.0010356961
2169	0.0160004864	0.0012690513
2170	0.0154647394	0.0010356961
2171	0.0154647394	0.0010356961
2172	0.004021705	0.0010356961
2173	0.004021705	0.0016368213
2174	0.004021705	0.0010347376
2175	0.0040362238	0.0010347376
2176	0.0408186682	0.0012667034
2177	0.0495595534	0.0019358168
2178	0.0573980841	0.0016368213
2179	0.0621975351	0.0019376101
2180	0.0698510226	0.0026429658
2181	0.0489915803	0.001640619
2182	0.0815475558	0.0019421078
2183	0.1034207865	0.0058453192
2184	0.1031215673	0.0058562298
2185	0.1643555132	0.0241448253
2186	0.2967153939	0.0314435299
2187	1.2564288454	0.0316745535
2188	1.2833911946	0.0929430323
2189	1.1075702016	0.1124734151
2190	1.0390055327	0.1440859575
2191	1.072487929	0.1500143925
2192	0.3860204615	0.1487644076
2193	0.5821335684	0.0673619662
2194	0.5778948056	0.057101328
2195	0.5404589564	0.0614826938
2196	0.4375843081	0.0647202936
2197	0.4014721019	0.0676285114
2198	0	0.0022183984
2199	0	0.0018127831
2200	0.0020036451	0.0009067591
2201	1.5638324601	0.0301993377
2202	1.2413968239	0.0363940635
2203	0.9008791358	0.0328476312
2204	0.9227805622	0.0281717099
2205	0.9335273748	0.0197767954
2206	1.1894388044	0.0179538831
2207	1.1427169462	0.0585127453
2208	1.2663077417	0.0631968704
2209	1.2572224614	0.0668112953
2210	1.2785896535	0.0700757687
2211	1.2025393939	0.0931611774
2212	0.6092913156	0.0550779765
2213	0.5538865074	0.0554267979
2214	0.4205228625	0.0474176123
2215	0.2191212317	0.0025598909
2216	0.0088471542	0.0025598909
2217	0.0008163812	0.0025598909
2218	0.0008163812	0.0025598909
2219	0.0010002238	0.0025598909
2220	0.0129579719	0.0025598909
2221	0.0403277605	0.001589004
2222	0.0566881986	0.0018809803
2223	0.0595914442	0.0012319446
2224	0.0489447094	0.001232499
2225	0.0339013871	0.001883521
2226	0.0395318461	0.001883521
2227	0.0520377261	0.0022522523
2228	0.0539179267	0.0018852186
2229	0.0523848627	0.0018852186
2230	0.0593885467	0.0018852186
2231	0.0658635069	0.0012352787
2232	0.0730276686	0.0012352787
2233	0.065586983	0.0015961778
2234	0.0510617175	0.0010099675
2235	0.0393426703	0.0010099675
2236	0.0681173105	0.0010099675
2237	0.1111196481	0.0012375114
2238	0.1344052414	0.0012375114
2239	0.1480830007	0.0018920399
2240	0.1315863297	0.0018937529
2241	0.1262754133	0.0018963283
2242	0.1430091151	0.002587779
2243	0.1548033671	0.0029646214
2244	0.1567953287	0.0043836336
2245	0.2039388403	0.0047386749
2246	1.8277038779	0.044281787
2247	1.5555747563	0.0793752986
2248	1.2849146839	0.0740378596
2249	1.0655094167	0.0645633793
2250	0.8279672142	0.0502051573
2251	0.1415463608	0.0597380514
2252	0.1449155777	0.0224786946
2253	0.1443121032	0.022311979
2254	0.1589477131	0.0190537268
2255	0.1234880729	0.018437837
2256	0.0987477761	0.0173254156
2257	0.061143295	0.0116310428
2258	0.0423055321	0.0065539114
2259	0.0447957012	0.0083879469
2260	0.1107831588	0.0076873845
2261	0.1064958094	0.0091903184
2262	0.1094763159	0.0089718008
2263	0.1303898393	0.0078495835
2264	0.1270162739	0.0044748471
2265	0.0617554182	0.0070467157
2266	0.0475339153	0.0050434578
2267	0.0545369331	0.0046602501
2268	0.0316062867	0.0076196851
2269	0.0307741585	0.0089963444
2270	0.0634321928	0.0108030725
2271	0.0922739224	0.0126057258
2272	0.090711774	0.0126057258
2273	0.0774660413	0.0110192363
2274	0.0768316208	0.0101642006
2275	0.0900613888	0.0070527931
2276	0.0734987649	0.0078192892
2277	0.0774930988	0.0075163643
2278	0.0860928918	0.0081079204
2279	0.0740573763	0.0083627579
2280	0.3261964757	0.0817828909
2281	0.6106821744	0.1045779758
2282	0.8778040926	0.1254117552
2283	1.1410077865	0.1054734607
2284	0.7386569484	0.0458288936
2285	0.0846312317	0.0457264682
2286	0.0052823597	0.0463053489
2287	0.0053370466	0.0204246767
2288	0.004426191	0.0208235767
2289	0.0402738898	0.0200180382
2290	0.1822248065	0.0171960334
2291	0.2763058435	0.0215591802
2292	0.352759209	0.022136308
2293	0.7245987184	0.1202918777
2294	1.6032821749	0.2723806153
2295	1.2887535021	0.2424860038
2296	1.2090385713	0.2286011128
2297	1.1278713584	0.2126540185
2298	1.2002030714	0.2299608662
2299	0.6121952992	0.0562852153
2300	0.0122441704	0.00102619
2301	0.0105538326	0.001025249
2302	0.0097446972	0.0020486193
2303	0.0085342472	0.0091954023
2304	0.0052769163	0.0091954023
2305	0.0052769163	0.0091129773
2306	0.0040997197	0.0088519945
2307	0.0062812314	0.0083952958
2308	0.0063001508	0.0019180652
2309	0.0041368773	0.002293578
2310	0.0033828562	0.0026114875
2311	0	0.0026114875
2312	0	0.0026126843
2313	0	0.0025113368
2314	0	0.0020495582
2315	0	0
2316	0	0
2317	0.0033931229	0.001025249
2318	0.0041620255	0.0012550929
2319	0.0041683604	0.001254518
2320	0.0041683604	0.001254518
2321	0.0041683604	0.001254518
2322	0.0041683604	0.0028090479
2323	0.012562444	0.0028090479
2324	0.0180400606	0.0025136418
2325	0.0200965514	0.0025136418
2326	0.0203493382	0.0026174826
2327	0.019205095	0.0026174826
2328	0.0457078455	0.0019224725
2329	0.0937910595	0.003491195
2330	0.1190332661	0.0050044976
2331	0.123677752	0.0210793032
2332	0.0944427676	0.0231172976
