Frame	Latency_Norm	Power
0	0	0
1	1.053901808	48.0652
2	1.0505815626	48.045689
3	1.0673435048	47.863861
4	1.0524418625	48.024881
5	1.0432478392	48.1638
6	1.040368103	48.171981
7	1.0437958471	48.13127
8	1.0382296938	48.159492
9	1.0322058549	48.226519
10	1.0395550704	48.102315
11	1.0395488566	48.090635
12	1.0453471598	48.015678
13	1.0433155944	48.032379
14	1.0437713337	48.0742
15	1.0437786876	48.054543
16	1.0494162229	47.973618
17	1.0488270967	47.979504
18	1.0470540871	47.994615
19	1.0445331485	47.997423
20	1.041342603	48.007338
21	1.0393484325	48.045702
22	1.0367193018	48.039908
23	1.0376013769	48.065998
24	1.037121428	48.130787
25	1.038493582	48.1274
26	1.0365248018	48.142611
27	1.0347111979	48.147217
28	1.035580742	48.135384
29	1.034165466	48.133077
30	1.0329183326	48.138391
31	1.0347548278	48.097952
32	1.0341189449	48.091041
33	1.0336021474	48.085636
34	1.0321480575	48.092681
35	1.0314438228	48.08965
36	1.0310421	48.09506
37	1.0291009157	48.108797
38	1.0277006431	48.11669
39	1.0288049967	48.094765
40	1.0283397583	48.094028
41	1.0266352824	48.09904
42	1.0260569734	48.099759
43	1.023228044	48.123643
44	1.0235354296	48.108653
45	1.0230524406	48.098999
46	1.022722072	48.098105
47	1.0231327763	48.083634
48	1.0248736843	48.057337
49	1.027371488	48.026797
50	1.0254493455	48.050079
51	1.0248484762	48.059092
52	1.0244077963	48.0623
53	1.0261593677	48.039115
54	1.0250076235	48.021504
55	1.0235967193	48.031355
56	1.0225037743	48.043573
57	1.0211414574	48.044099
58	1.0202116684	48.051011
59	1.0197037353	48.059024
60	1.0212629499	48.042936
61	1.0204120679	48.033316
62	1.0207180241	48.030577
63	1.0199504865	48.001534
64	1.0222265269	47.916911
65	1.0192942203	47.925654
66	1.0191560573	47.914717
67	1.0193599388	47.920927
68	1.0182327298	47.937047
69	1.0182845724	47.953194
70	1.0205388547	47.937833
71	1.0205162026	47.958987
72	1.0233303981	47.940654
73	1.0246843908	47.935716
74	1.0273408797	47.916808
75	1.0272720175	47.936307
76	1.0302987686	47.898407
77	1.0334149559	47.874923
78	1.0345966534	47.868323
79	1.0373113098	47.859548
80	1.0374646646	47.867415
81	1.0385218926	47.870791
82	1.0413648336	47.846007
83	1.0441418811	47.825465
84	1.0439734674	47.836164
85	1.0447939745	47.8666
86	1.0544332724	47.831512
87	1.0528354966	47.856351
88	1.0523142231	47.871542
89	1.0509442603	47.885092
90	1.0512303995	47.879973
91	1.0509180294	47.873044
92	1.0479865166	47.893152
93	1.0448540156	47.914687
94	1.0439565745	47.923648
95	1.0433422635	47.918521
96	1.0393470822	47.944915
97	1.0383843985	47.948691
98	1.0382377783	47.938459
99	1.0383887115	47.934036
100	1.0386993407	47.92282
101	1.0413656469	47.897309
102	1.0425675102	47.906429
103	1.0446174389	47.898037
104	1.0422513045	47.949397
105	1.045673721	47.932333
106	1.0465097722	47.940818
107	1.0467011904	47.943204
108	1.0470623096	47.935012
109	1.0475451957	47.925287
110	1.0463627646	47.934045
111	1.0449743916	47.952177
112	1.0418481762	47.98693
113	1.0447167499	47.955027
114	1.0448501946	47.948142
115	1.0457415183	47.938027
116	1.0427833138	47.977374
117	1.0416007529	47.993879
118	1.0424107416	48.007067
119	1.0389105776	48.039578
120	1.0386917885	48.039397
121	1.0383091965	48.038155
122	1.0353030578	48.075957
123	1.0349794595	48.07592
124	1.0359347641	48.063205
125	1.0375448576	48.010446
126	1.0290969443	48.024011
127	1.028529876	48.018842
128	1.0263376194	48.025719
129	1.0241216493	48.042546
130	1.0219713623	48.046013
131	1.0212543454	48.040582
132	1.0218661473	48.069136
133	1.0316797914	48.053548
134	1.032287901	48.085882
135	1.0397682772	48.131771
136	1.0516648775	48.236188
137	1.0586951159	48.319701
138	1.0726791046	48.328617
139	1.0799865002	48.390633
140	1.0875611821	48.469121
141	1.0892365187	48.553446
142	1.1009141992	48.635125
143	1.1035347321	48.731333
144	1.1079856682	48.795713
145	1.1106319968	48.854145
146	1.1136893018	48.910896
147	1.1203229667	48.981671
148	1.1236816756	49.040398
149	1.1297759513	49.100153
150	1.140825821	49.174585
151	1.1470020807	49.255239
152	1.1526912459	49.326638
153	1.1550862055	49.455459
154	1.1656244527	49.513677
155	1.1784062939	49.58434
156	1.1846723537	49.646665
157	1.1903911625	49.720495
158	1.2002345258	49.778648
159	1.2116530734	49.7986
160	1.2168451525	49.870893
161	1.2285351868	49.927096
162	1.237713374	49.952033
163	1.2388050734	50.011899
164	1.2426373736	50.082689
165	1.2445345487	50.157765
166	1.244330132	50.239651
167	1.2455588044	50.29559
168	1.2489189046	50.34401
169	1.2520467051	50.378982
170	1.2592908115	50.432712
171	1.26330497	50.499928
172	1.2743796798	50.53043
173	1.2716943101	50.628246
174	1.2801970479	50.663872
175	1.2813251978	50.700011
176	1.2751365273	50.694572
177	1.2752568606	50.69431
178	1.2692843965	50.757246
179	1.2665739112	50.756356
180	1.2617253716	50.785845
181	1.2619606262	50.788416
182	1.2570192742	50.805011
183	1.272118564	50.722993
184	1.270917717	50.716711
185	1.2698860182	50.739561
186	1.2703046286	50.746361
187	1.2763917936	50.715402
188	1.2825910391	50.677794
189	1.2805966556	50.67782
190	1.2757262151	50.668528
191	1.2724301603	50.65963
192	1.2767857684	50.639904
193	1.2805974756	50.643087
194	1.2765245852	50.691315
195	1.270454718	50.68339
196	1.2727107275	50.683999
197	1.2743541016	50.651135
198	1.2699077888	50.662487
199	1.2612567162	50.70337
200	1.2609263206	50.698668
201	1.253873293	50.71461
202	1.251167887	50.729326
203	1.2565083204	50.72408
204	1.2528043242	50.72595
205	1.2524128516	50.728197
206	1.2572219544	50.741313
207	1.2601203415	50.742842
208	1.2662459354	50.728017
209	1.2692719107	50.732777
210	1.2722901254	50.714433
211	1.2722245705	50.70432
212	1.2714089372	50.683619
213	1.2777964656	50.618428
214	1.276447188	50.613058
215	1.2766089182	50.59571
216	1.2819436317	50.540098
217	1.2791375543	50.526828
218	1.2758547988	50.545144
219	1.2811376502	50.547804
220	1.2842423147	50.54547
221	1.2883700766	50.549096
222	1.2859214109	50.532015
223	1.2696409487	50.610557
224	1.2723957558	50.62855
225	1.2725625337	50.628138
226	1.2746460786	50.637174
227	1.2717549583	50.643735
228	1.2737368829	50.712784
229	1.2808488441	50.654227
230	1.2803248952	50.676935
231	1.283415734	50.684919
232	1.2828078097	50.671331
233	1.2801859854	50.631576
234	1.2806429852	50.601205
235	1.2798947415	50.56247
236	1.2779826277	50.562266
237	1.2737405333	50.593981
238	1.2715196758	50.585812
239	1.2701194865	50.57404
240	1.2747025402	50.53607
241	1.2749662293	50.536796
242	1.2748890209	50.538047
243	1.2666457037	50.553385
244	1.2671147607	50.545633
245	1.2758055596	50.550835
246	1.2785067042	50.558845
247	1.2811868915	50.60928
248	1.2848111552	50.624572
249	1.2855246708	50.658108
250	1.2858184829	50.700234
251	1.2896731678	50.703159
252	1.282193885	50.712486
253	1.2728670567	50.751805
254	1.2679586531	50.746098
255	1.263425874	50.755695
256	1.258714236	50.809574
257	1.2646901667	50.798155
258	1.2697147015	50.799692
259	1.2624772202	50.807137
260	1.2591980482	50.788494
